imageId,age,gender,ethnicity,emotion
2,20,female,caucasian,neutral
3,76,female,caucasian,slightlyhappy
4,55,female,caucasian,happy
5,17,female,caucasian,slightlyhappy
6,21,male,asian,slightlyhappy
7,26,female,caucasian,slightlyhappy
8,39,male,caucasian,other
9,26,male,asian,neutral
10,35,female,caucasian,neutral
11,18,male,caucasian,other
13,2,female,caucasian,neutral
14,1,female,caucasian,other
15,6,female,caucasian,slightlyhappy
16,21,female,caucasian,neutral
17,24,male,caucasian,slightlyhappy
18,6,female,caucasian,slightlyhappy
19,40,female,caucasian,happy
22,1,female,caucasian,other
23,42,male,caucasian,slightlyhappy
25,4,male,caucasian,slightlyhappy
26,28,female,caucasian,slightlyhappy
27,27,female,caucasian,slightlyhappy
28,36,male,caucasian,neutral
29,60,male,caucasian,neutral
31,1,male,caucasian,neutral
32,23,male,caucasian,slightlyhappy
34,16,female,caucasian,slightlyhappy
36,15,female,caucasian,slightlyhappy
37,3,male,afroamerican,other
38,36,male,caucasian,slightlyhappy
39,8,female,caucasian,happy
40,4,male,caucasian,other
41,1,male,caucasian,other
42,29,female,asian,neutral
43,20,female,caucasian,neutral
44,35,female,caucasian,slightlyhappy
45,3,female,caucasian,other
48,20,female,caucasian,slightlyhappy
49,44,female,caucasian,neutral
50,8,female,caucasian,slightlyhappy
51,36,male,asian,slightlyhappy
52,24,female,caucasian,neutral
53,25,female,asian,neutral
54,1,female,caucasian,neutral
55,62,female,caucasian,happy
56,21,male,asian,slightlyhappy
57,35,female,caucasian,happy
59,21,male,caucasian,happy
60,17,female,caucasian,slightlyhappy
62,27,male,caucasian,slightlyhappy
64,33,male,caucasian,slightlyhappy
65,26,female,caucasian,slightlyhappy
66,31,male,caucasian,neutral
67,59,male,caucasian,neutral
68,3,male,caucasian,slightlyhappy
69,24,female,caucasian,other
70,28,male,caucasian,happy
71,38,female,caucasian,slightlyhappy
72,25,male,caucasian,slightlyhappy
73,19,female,caucasian,neutral
74,23,male,asian,slightlyhappy
75,34,male,caucasian,happy
76,19,female,asian,slightlyhappy
77,20,female,caucasian,happy
79,1,female,asian,neutral
80,25,female,caucasian,slightlyhappy
81,25,female,caucasian,slightlyhappy
82,26,female,caucasian,other
83,24,female,caucasian,slightlyhappy
84,53,male,caucasian,other
85,28,male,caucasian,neutral
86,30,male,caucasian,other
87,34,male,caucasian,neutral
88,56,male,caucasian,other
89,24,male,caucasian,slightlyhappy
90,24,male,caucasian,slightlyhappy
91,25,female,caucasian,slightlyhappy
92,59,male,caucasian,slightlyhappy
93,30,male,caucasian,happy
94,23,male,caucasian,neutral
95,43,female,caucasian,happy
96,53,female,caucasian,happy
97,33,female,caucasian,happy
98,20,female,caucasian,happy
100,9,male,afroamerican,other
102,31,female,caucasian,slightlyhappy
103,36,male,caucasian,slightlyhappy
104,55,female,caucasian,happy
105,47,female,caucasian,happy
106,20,male,afroamerican,happy
107,34,female,caucasian,other
109,17,female,caucasian,neutral
110,46,male,caucasian,neutral
111,41,male,caucasian,slightlyhappy
112,23,female,caucasian,happy
113,38,male,caucasian,neutral
114,89,female,caucasian,other
115,25,male,caucasian,other
116,12,female,caucasian,happy
117,8,male,caucasian,other
118,57,male,caucasian,slightlyhappy
120,24,female,caucasian,slightlyhappy
121,16,female,caucasian,neutral
122,24,female,caucasian,slightlyhappy
123,28,female,caucasian,neutral
124,34,male,caucasian,slightlyhappy
125,40,male,caucasian,neutral
126,25,male,asian,neutral
127,34,female,caucasian,slightlyhappy
129,5,female,caucasian,slightlyhappy
130,60,male,caucasian,slightlyhappy
131,39,male,caucasian,slightlyhappy
132,23,female,caucasian,happy
133,49,male,caucasian,happy
134,27,female,caucasian,slightlyhappy
135,46,male,asian,neutral
136,52,female,caucasian,neutral
137,33,female,asian,slightlyhappy
138,25,female,caucasian,neutral
139,25,male,caucasian,slightlyhappy
140,23,female,caucasian,happy
141,44,female,caucasian,happy
143,24,male,caucasian,neutral
145,28,female,caucasian,happy
146,8,female,caucasian,neutral
147,47,female,caucasian,happy
149,37,male,caucasian,slightlyhappy
151,26,female,caucasian,other
152,19,male,caucasian,slightlyhappy
153,36,male,caucasian,neutral
154,58,male,caucasian,neutral
155,35,male,caucasian,slightlyhappy
156,42,female,asian,neutral
157,1,female,afroamerican,neutral
158,26,female,asian,neutral
159,28,male,caucasian,neutral
160,27,female,asian,slightlyhappy
161,34,male,caucasian,other
162,46,male,caucasian,slightlyhappy
163,51,male,caucasian,neutral
164,41,male,caucasian,slightlyhappy
165,25,female,caucasian,happy
166,73,female,caucasian,other
167,28,female,asian,happy
168,26,male,caucasian,slightlyhappy
169,24,female,afroamerican,happy
170,27,female,caucasian,slightlyhappy
172,30,female,asian,happy
173,52,female,caucasian,slightlyhappy
174,67,male,asian,neutral
175,40,male,caucasian,slightlyhappy
176,25,male,caucasian,other
177,5,male,caucasian,other
178,26,female,caucasian,slightlyhappy
179,27,male,caucasian,slightlyhappy
180,17,female,asian,slightlyhappy
181,25,male,caucasian,slightlyhappy
182,29,male,caucasian,neutral
183,36,male,caucasian,neutral
184,24,male,caucasian,slightlyhappy
185,17,male,caucasian,neutral
187,31,female,caucasian,slightlyhappy
188,39,female,caucasian,slightlyhappy
189,64,male,caucasian,neutral
190,49,male,caucasian,neutral
192,67,male,caucasian,slightlyhappy
193,20,female,caucasian,slightlyhappy
194,25,male,caucasian,happy
195,22,female,caucasian,slightlyhappy
196,21,female,caucasian,happy
197,16,female,caucasian,neutral
198,21,male,asian,slightlyhappy
199,17,male,caucasian,neutral
200,31,male,caucasian,neutral
201,19,female,asian,slightlyhappy
202,11,male,caucasian,happy
203,11,male,asian,slightlyhappy
204,44,male,caucasian,neutral
205,38,female,caucasian,neutral
206,23,male,caucasian,neutral
208,23,female,asian,happy
209,37,female,asian,happy
210,20,female,caucasian,slightlyhappy
211,17,female,caucasian,slightlyhappy
212,16,female,caucasian,other
213,28,male,caucasian,slightlyhappy
214,18,female,afroamerican,slightlyhappy
216,8,male,asian,neutral
218,18,male,caucasian,neutral
219,15,female,caucasian,neutral
221,46,male,caucasian,happy
222,18,female,caucasian,slightlyhappy
223,55,female,caucasian,slightlyhappy
224,22,female,caucasian,slightlyhappy
225,22,female,caucasian,happy
227,60,male,caucasian,happy
228,41,female,caucasian,happy
229,52,male,asian,other
230,31,female,caucasian,slightlyhappy
231,31,male,caucasian,neutral
233,35,male,caucasian,slightlyhappy
234,10,female,caucasian,happy
235,5,male,asian,neutral
236,35,female,caucasian,slightlyhappy
237,1,male,caucasian,slightlyhappy
239,31,male,caucasian,neutral
241,32,female,caucasian,happy
242,21,female,caucasian,slightlyhappy
243,44,male,caucasian,neutral
244,31,female,afroamerican,neutral
245,28,male,caucasian,slightlyhappy
247,16,male,caucasian,neutral
249,8,female,asian,slightlyhappy
251,37,female,caucasian,slightlyhappy
252,22,female,caucasian,happy
253,42,male,caucasian,slightlyhappy
254,72,male,caucasian,slightlyhappy
255,33,male,caucasian,neutral
257,6,male,caucasian,neutral
258,34,female,caucasian,slightlyhappy
259,21,female,caucasian,slightlyhappy
260,25,female,caucasian,other
261,34,male,caucasian,slightlyhappy
263,18,female,asian,neutral
264,55,male,caucasian,slightlyhappy
265,18,female,caucasian,slightlyhappy
266,28,female,caucasian,happy
267,22,female,asian,slightlyhappy
268,16,male,caucasian,slightlyhappy
269,17,male,caucasian,slightlyhappy
270,37,female,asian,other
271,21,male,caucasian,neutral
272,19,female,afroamerican,neutral
274,22,female,caucasian,slightlyhappy
275,58,male,caucasian,slightlyhappy
276,23,female,caucasian,neutral
277,40,male,caucasian,slightlyhappy
278,3,male,caucasian,neutral
279,34,male,caucasian,neutral
280,70,female,caucasian,slightlyhappy
281,33,male,caucasian,neutral
282,22,female,caucasian,neutral
283,17,female,caucasian,neutral
284,55,female,caucasian,slightlyhappy
285,39,female,caucasian,slightlyhappy
286,24,female,caucasian,slightlyhappy
287,48,male,caucasian,slightlyhappy
288,21,male,caucasian,neutral
289,38,female,caucasian,slightlyhappy
290,62,male,caucasian,neutral
291,36,female,caucasian,slightlyhappy
292,37,male,caucasian,neutral
293,6,female,caucasian,slightlyhappy
294,37,female,caucasian,slightlyhappy
295,20,female,caucasian,slightlyhappy
296,14,female,caucasian,slightlyhappy
297,43,female,caucasian,slightlyhappy
298,16,male,caucasian,neutral
299,26,female,caucasian,slightlyhappy
300,28,male,caucasian,neutral
301,23,female,caucasian,slightlyhappy
302,19,female,caucasian,slightlyhappy
304,28,male,caucasian,slightlyhappy
305,28,female,caucasian,slightlyhappy
306,22,female,asian,slightlyhappy
307,19,female,caucasian,slightlyhappy
309,27,female,caucasian,slightlyhappy
310,68,male,caucasian,neutral
312,59,female,caucasian,neutral
313,25,male,caucasian,neutral
314,18,female,caucasian,slightlyhappy
315,30,female,afroamerican,other
316,33,male,asian,slightlyhappy
317,22,male,caucasian,neutral
320,25,male,caucasian,slightlyhappy
321,43,female,caucasian,slightlyhappy
322,1,male,caucasian,neutral
323,66,male,caucasian,slightlyhappy
324,24,female,caucasian,neutral
326,16,female,caucasian,slightlyhappy
329,57,male,caucasian,neutral
330,20,female,caucasian,neutral
331,25,male,caucasian,other
333,23,male,caucasian,neutral
335,29,female,caucasian,other
336,52,male,caucasian,neutral
337,35,male,asian,neutral
338,20,male,caucasian,slightlyhappy
339,18,male,caucasian,slightlyhappy
340,23,male,caucasian,slightlyhappy
341,25,male,caucasian,neutral
342,20,female,caucasian,neutral
343,13,male,caucasian,neutral
344,27,female,asian,slightlyhappy
345,23,female,caucasian,slightlyhappy
346,22,female,afroamerican,neutral
347,32,male,caucasian,slightlyhappy
348,55,male,caucasian,neutral
349,27,female,asian,slightlyhappy
350,36,male,caucasian,slightlyhappy
351,31,male,caucasian,slightlyhappy
353,42,male,caucasian,slightlyhappy
354,23,male,caucasian,slightlyhappy
355,28,female,caucasian,slightlyhappy
356,4,female,caucasian,slightlyhappy
357,25,male,caucasian,neutral
358,32,female,caucasian,neutral
360,25,male,caucasian,neutral
361,2,male,caucasian,slightlyhappy
362,25,female,caucasian,slightlyhappy
363,21,female,caucasian,slightlyhappy
364,30,male,caucasian,neutral
365,21,female,caucasian,slightlyhappy
366,42,male,caucasian,slightlyhappy
367,49,female,caucasian,neutral
368,27,female,caucasian,other
370,29,female,caucasian,slightlyhappy
371,59,female,caucasian,neutral
373,42,male,caucasian,other
374,31,male,caucasian,neutral
375,1,male,caucasian,neutral
377,16,female,caucasian,slightlyhappy
378,51,male,caucasian,slightlyhappy
379,31,male,caucasian,neutral
380,37,female,caucasian,slightlyhappy
381,27,female,caucasian,slightlyhappy
382,25,male,caucasian,slightlyhappy
383,19,female,caucasian,slightlyhappy
385,20,male,caucasian,slightlyhappy
386,35,male,caucasian,slightlyhappy
387,23,female,caucasian,slightlyhappy
388,59,male,asian,neutral
389,18,male,caucasian,slightlyhappy
390,14,male,caucasian,slightlyhappy
391,20,female,caucasian,slightlyhappy
392,26,male,caucasian,slightlyhappy
393,31,male,caucasian,slightlyhappy
394,4,female,asian,other
395,4,female,caucasian,other
396,31,male,caucasian,neutral
397,31,male,caucasian,slightlyhappy
398,34,female,caucasian,slightlyhappy
399,17,male,caucasian,neutral
400,43,male,caucasian,neutral
401,42,female,caucasian,neutral
402,33,male,caucasian,happy
403,27,male,caucasian,happy
404,30,male,caucasian,happy
405,26,male,caucasian,neutral
407,27,male,caucasian,slightlyhappy
408,15,male,caucasian,slightlyhappy
409,56,male,caucasian,slightlyhappy
410,37,male,caucasian,happy
411,29,male,caucasian,slightlyhappy
412,28,male,afroamerican,neutral
413,46,female,caucasian,slightlyhappy
414,49,female,caucasian,neutral
415,6,male,caucasian,slightlyhappy
416,41,male,caucasian,neutral
417,24,male,asian,neutral
418,14,male,caucasian,neutral
419,30,male,caucasian,slightlyhappy
420,15,male,caucasian,neutral
421,23,female,caucasian,neutral
424,47,female,caucasian,slightlyhappy
425,20,female,caucasian,slightlyhappy
427,40,male,caucasian,slightlyhappy
428,23,male,caucasian,slightlyhappy
429,29,female,caucasian,slightlyhappy
430,37,male,caucasian,neutral
431,24,male,caucasian,slightlyhappy
432,60,male,caucasian,neutral
433,22,male,asian,slightlyhappy
434,56,male,caucasian,happy
435,4,female,caucasian,slightlyhappy
436,33,female,caucasian,slightlyhappy
437,38,male,caucasian,slightlyhappy
438,54,female,caucasian,slightlyhappy
439,6,female,caucasian,other
441,1,female,asian,neutral
442,36,male,caucasian,neutral
443,32,male,caucasian,slightlyhappy
444,17,female,asian,slightlyhappy
445,1,male,caucasian,neutral
446,36,male,asian,neutral
447,43,female,caucasian,slightlyhappy
448,27,male,caucasian,neutral
449,5,male,caucasian,slightlyhappy
450,22,male,caucasian,neutral
451,25,female,caucasian,neutral
452,18,male,caucasian,slightlyhappy
453,47,male,caucasian,neutral
454,43,male,caucasian,slightlyhappy
455,41,female,caucasian,neutral
456,1,male,caucasian,neutral
457,25,female,caucasian,slightlyhappy
458,68,female,caucasian,neutral
459,1,male,caucasian,neutral
460,25,male,caucasian,neutral
461,29,female,afroamerican,slightlyhappy
462,21,male,caucasian,neutral
463,23,female,caucasian,slightlyhappy
465,20,female,caucasian,slightlyhappy
466,49,male,caucasian,slightlyhappy
467,39,male,caucasian,slightlyhappy
468,1,female,caucasian,slightlyhappy
469,58,male,caucasian,neutral
470,24,female,caucasian,neutral
471,2,male,caucasian,neutral
472,20,male,caucasian,slightlyhappy
473,45,female,caucasian,slightlyhappy
474,23,male,caucasian,neutral
475,40,male,caucasian,slightlyhappy
476,40,female,caucasian,slightlyhappy
478,52,male,caucasian,happy
479,1,female,caucasian,neutral
481,24,female,caucasian,slightlyhappy
482,28,male,caucasian,neutral
483,23,male,asian,neutral
485,24,female,caucasian,neutral
486,25,male,caucasian,slightlyhappy
487,26,male,caucasian,neutral
488,22,female,caucasian,neutral
489,57,male,caucasian,neutral
490,36,male,caucasian,slightlyhappy
491,24,male,asian,neutral
492,40,male,caucasian,slightlyhappy
494,42,male,caucasian,slightlyhappy
495,32,male,caucasian,slightlyhappy
496,46,male,caucasian,other
497,42,male,caucasian,slightlyhappy
498,22,male,caucasian,slightlyhappy
500,26,female,caucasian,slightlyhappy
501,31,female,caucasian,happy
502,26,male,caucasian,slightlyhappy
504,15,male,caucasian,neutral
505,26,male,caucasian,neutral
506,24,female,caucasian,slightlyhappy
508,25,female,caucasian,neutral
509,37,female,caucasian,slightlyhappy
511,34,male,caucasian,neutral
512,18,male,caucasian,neutral
513,39,female,caucasian,slightlyhappy
514,33,female,caucasian,slightlyhappy
517,29,female,caucasian,slightlyhappy
518,2,male,caucasian,happy
519,30,female,caucasian,happy
520,40,male,caucasian,slightlyhappy
521,20,male,caucasian,neutral
522,29,male,caucasian,neutral
523,41,male,caucasian,slightlyhappy
525,50,male,caucasian,slightlyhappy
527,31,male,caucasian,happy
528,68,female,caucasian,other
530,27,male,asian,neutral
531,23,female,afroamerican,happy
533,44,male,caucasian,slightlyhappy
534,21,female,caucasian,slightlyhappy
535,20,female,caucasian,slightlyhappy
536,32,male,caucasian,other
537,32,male,caucasian,other
539,45,male,caucasian,neutral
540,41,female,caucasian,slightlyhappy
541,26,male,caucasian,slightlyhappy
543,21,female,caucasian,happy
544,57,male,caucasian,neutral
545,22,male,asian,neutral
546,17,female,caucasian,neutral
547,51,male,caucasian,neutral
548,25,female,caucasian,slightlyhappy
549,24,female,caucasian,slightlyhappy
550,54,male,caucasian,happy
551,24,female,caucasian,happy
552,54,male,caucasian,slightlyhappy
553,53,female,caucasian,other
554,32,male,caucasian,neutral
555,27,female,caucasian,slightlyhappy
556,5,male,caucasian,slightlyhappy
557,3,female,asian,neutral
558,14,male,caucasian,slightlyhappy
559,32,female,caucasian,slightlyhappy
560,37,male,caucasian,neutral
561,35,male,caucasian,neutral
562,52,female,caucasian,neutral
563,31,male,caucasian,slightlyhappy
564,32,male,caucasian,happy
565,14,male,caucasian,other
566,33,female,asian,slightlyhappy
567,23,female,asian,slightlyhappy
568,8,female,caucasian,slightlyhappy
569,33,male,caucasian,slightlyhappy
570,33,male,caucasian,slightlyhappy
571,25,female,caucasian,neutral
572,24,female,caucasian,slightlyhappy
573,6,female,caucasian,neutral
574,20,male,caucasian,other
575,26,male,caucasian,neutral
577,33,male,caucasian,slightlyhappy
578,20,male,caucasian,neutral
579,40,male,caucasian,neutral
580,19,female,afroamerican,happy
582,17,female,asian,slightlyhappy
583,43,male,caucasian,neutral
587,24,male,caucasian,other
590,43,female,caucasian,slightlyhappy
591,36,female,caucasian,slightlyhappy
593,44,female,asian,neutral
594,73,male,caucasian,neutral
595,8,female,asian,slightlyhappy
596,24,female,caucasian,slightlyhappy
597,29,male,caucasian,neutral
598,28,male,caucasian,neutral
599,24,female,caucasian,neutral
600,28,female,caucasian,slightlyhappy
601,6,male,caucasian,other
602,18,male,caucasian,neutral
603,39,male,afroamerican,slightlyhappy
604,19,male,caucasian,neutral
605,67,male,caucasian,neutral
607,4,female,caucasian,other
608,14,male,caucasian,slightlyhappy
609,34,female,caucasian,neutral
610,25,female,caucasian,neutral
611,19,female,caucasian,slightlyhappy
612,38,female,caucasian,slightlyhappy
613,40,male,asian,neutral
614,63,male,caucasian,slightlyhappy
615,22,male,caucasian,neutral
616,23,male,asian,slightlyhappy
618,27,female,caucasian,slightlyhappy
619,20,male,caucasian,neutral
621,35,male,caucasian,slightlyhappy
622,23,female,afroamerican,slightlyhappy
623,42,male,caucasian,slightlyhappy
624,24,male,asian,slightlyhappy
625,22,female,afroamerican,slightlyhappy
627,28,male,caucasian,neutral
628,22,female,afroamerican,happy
629,28,male,caucasian,slightlyhappy
630,32,male,caucasian,slightlyhappy
632,5,male,caucasian,neutral
633,22,male,caucasian,neutral
634,17,male,caucasian,other
636,15,male,caucasian,slightlyhappy
637,1,female,asian,neutral
638,34,female,caucasian,neutral
639,24,male,caucasian,slightlyhappy
640,29,female,caucasian,slightlyhappy
641,28,female,caucasian,slightlyhappy
642,21,male,caucasian,neutral
643,46,male,caucasian,neutral
644,37,female,caucasian,slightlyhappy
647,26,male,afroamerican,slightlyhappy
648,24,female,asian,slightlyhappy
649,22,female,caucasian,happy
650,29,female,caucasian,other
651,4,female,caucasian,slightlyhappy
652,24,female,asian,slightlyhappy
653,26,male,caucasian,slightlyhappy
654,29,female,asian,neutral
655,32,female,caucasian,neutral
656,25,male,asian,slightlyhappy
657,28,male,caucasian,slightlyhappy
658,37,female,caucasian,slightlyhappy
659,1,male,asian,neutral
660,48,male,caucasian,slightlyhappy
661,58,male,caucasian,neutral
662,30,male,caucasian,neutral
663,20,female,caucasian,slightlyhappy
664,35,female,caucasian,happy
665,1,male,caucasian,neutral
666,38,female,caucasian,neutral
668,26,male,afroamerican,neutral
669,50,male,caucasian,neutral
670,36,male,afroamerican,neutral
671,30,male,caucasian,neutral
672,22,female,afroamerican,neutral
674,24,male,afroamerican,neutral
675,6,female,caucasian,happy
676,53,male,asian,slightlyhappy
677,24,female,caucasian,slightlyhappy
678,14,female,caucasian,slightlyhappy
679,44,female,caucasian,slightlyhappy
680,42,female,caucasian,happy
681,35,female,caucasian,happy
683,21,male,caucasian,neutral
684,33,male,caucasian,neutral
685,29,female,caucasian,slightlyhappy
686,40,male,caucasian,neutral
688,21,female,caucasian,slightlyhappy
689,3,female,caucasian,slightlyhappy
691,26,male,caucasian,happy
692,34,male,caucasian,neutral
694,28,female,caucasian,slightlyhappy
695,6,female,caucasian,slightlyhappy
696,45,male,caucasian,slightlyhappy
697,42,male,caucasian,slightlyhappy
698,19,female,caucasian,slightlyhappy
700,31,male,caucasian,happy
701,32,female,caucasian,slightlyhappy
704,37,male,caucasian,slightlyhappy
705,22,female,caucasian,slightlyhappy
706,24,male,caucasian,happy
707,8,male,caucasian,neutral
708,47,male,caucasian,slightlyhappy
710,22,female,caucasian,happy
711,50,male,caucasian,slightlyhappy
712,24,female,caucasian,happy
713,11,female,caucasian,slightlyhappy
714,40,female,asian,neutral
715,41,male,caucasian,neutral
716,34,male,caucasian,slightlyhappy
718,19,male,asian,neutral
720,1,female,asian,neutral
722,28,male,caucasian,neutral
724,10,male,caucasian,slightlyhappy
725,22,male,caucasian,slightlyhappy
726,24,female,caucasian,slightlyhappy
728,35,female,caucasian,slightlyhappy
729,19,female,asian,neutral
730,37,male,caucasian,neutral
731,22,male,caucasian,neutral
733,27,male,caucasian,slightlyhappy
734,30,female,caucasian,neutral
735,58,male,caucasian,neutral
736,24,female,caucasian,slightlyhappy
737,46,female,caucasian,neutral
739,10,male,caucasian,slightlyhappy
740,34,female,caucasian,slightlyhappy
742,4,female,caucasian,neutral
743,21,female,caucasian,slightlyhappy
744,42,male,caucasian,neutral
745,5,female,caucasian,other
747,27,male,afroamerican,slightlyhappy
748,33,male,caucasian,neutral
750,30,female,caucasian,slightlyhappy
752,20,female,caucasian,neutral
754,38,female,caucasian,neutral
755,44,female,caucasian,neutral
756,53,female,caucasian,slightlyhappy
757,32,male,caucasian,neutral
758,20,male,caucasian,neutral
759,16,female,asian,slightlyhappy
760,25,female,caucasian,slightlyhappy
761,21,male,caucasian,neutral
762,1,female,caucasian,neutral
763,31,male,caucasian,neutral
764,25,female,caucasian,neutral
765,26,female,asian,slightlyhappy
766,35,female,caucasian,happy
767,15,female,caucasian,happy
768,79,male,caucasian,slightlyhappy
769,4,male,caucasian,slightlyhappy
770,35,male,caucasian,neutral
771,35,male,caucasian,neutral
773,56,male,caucasian,neutral
774,21,male,caucasian,slightlyhappy
775,35,female,caucasian,slightlyhappy
776,36,female,caucasian,neutral
777,31,male,caucasian,other
778,37,female,caucasian,slightlyhappy
779,24,female,asian,slightlyhappy
781,57,female,caucasian,slightlyhappy
782,23,female,caucasian,slightlyhappy
783,22,female,caucasian,slightlyhappy
784,17,female,caucasian,slightlyhappy
785,26,male,caucasian,slightlyhappy
786,16,male,caucasian,neutral
787,18,male,asian,neutral
788,26,female,caucasian,slightlyhappy
789,1,male,caucasian,neutral
790,48,female,caucasian,slightlyhappy
791,28,male,caucasian,slightlyhappy
792,2,male,caucasian,slightlyhappy
793,34,male,caucasian,neutral
794,36,female,asian,neutral
795,38,male,afroamerican,neutral
796,45,male,caucasian,neutral
797,25,female,caucasian,slightlyhappy
798,29,male,caucasian,neutral
799,28,male,afroamerican,slightlyhappy
800,23,female,caucasian,neutral
801,38,female,caucasian,other
804,55,female,caucasian,other
805,43,female,caucasian,slightlyhappy
806,66,male,caucasian,slightlyhappy
807,32,female,caucasian,neutral
808,29,male,caucasian,slightlyhappy
809,21,female,caucasian,slightlyhappy
810,26,male,caucasian,slightlyhappy
812,27,male,caucasian,neutral
815,26,male,caucasian,slightlyhappy
816,28,female,afroamerican,neutral
817,30,male,asian,neutral
818,25,female,caucasian,slightlyhappy
819,18,male,caucasian,neutral
820,44,male,caucasian,neutral
821,35,male,caucasian,slightlyhappy
822,22,male,caucasian,neutral
823,4,female,caucasian,slightlyhappy
824,21,female,caucasian,slightlyhappy
825,30,female,caucasian,neutral
827,52,male,caucasian,slightlyhappy
828,36,female,caucasian,neutral
829,25,female,caucasian,slightlyhappy
830,25,male,asian,slightlyhappy
832,22,female,caucasian,slightlyhappy
833,52,male,caucasian,slightlyhappy
834,26,female,asian,slightlyhappy
835,44,male,caucasian,slightlyhappy
837,29,male,caucasian,neutral
838,21,female,caucasian,slightlyhappy
839,65,male,caucasian,slightlyhappy
840,47,male,caucasian,slightlyhappy
841,52,female,caucasian,neutral
843,45,male,caucasian,neutral
844,40,male,asian,neutral
846,26,female,asian,happy
847,31,male,caucasian,slightlyhappy
848,42,male,caucasian,neutral
850,24,female,asian,slightlyhappy
851,20,male,caucasian,slightlyhappy
852,44,male,caucasian,neutral
853,27,female,caucasian,neutral
855,46,male,caucasian,slightlyhappy
856,27,female,caucasian,slightlyhappy
857,35,female,caucasian,slightlyhappy
858,37,female,caucasian,happy
859,25,female,caucasian,neutral
860,22,male,caucasian,slightlyhappy
861,47,female,caucasian,happy
862,67,female,asian,slightlyhappy
864,40,female,caucasian,happy
865,61,male,caucasian,slightlyhappy
866,16,male,caucasian,neutral
867,21,female,caucasian,slightlyhappy
868,53,female,caucasian,neutral
869,39,female,afroamerican,happy
870,24,male,caucasian,neutral
871,12,female,caucasian,slightlyhappy
872,37,male,caucasian,slightlyhappy
873,16,male,caucasian,neutral
874,27,female,caucasian,neutral
875,18,female,caucasian,slightlyhappy
876,48,male,caucasian,slightlyhappy
877,4,male,caucasian,neutral
878,28,female,caucasian,happy
881,6,female,caucasian,happy
882,27,male,afroamerican,happy
883,30,female,caucasian,slightlyhappy
884,29,female,caucasian,neutral
885,52,male,caucasian,slightlyhappy
886,27,male,caucasian,other
889,36,female,caucasian,happy
890,28,female,caucasian,happy
891,20,male,caucasian,neutral
892,5,male,caucasian,other
893,6,male,caucasian,slightlyhappy
894,46,male,caucasian,slightlyhappy
896,3,male,caucasian,neutral
897,18,female,caucasian,neutral
898,20,male,caucasian,neutral
899,24,female,caucasian,neutral
900,20,female,caucasian,slightlyhappy
901,9,female,caucasian,slightlyhappy
903,45,male,caucasian,slightlyhappy
904,6,female,caucasian,slightlyhappy
905,25,male,afroamerican,neutral
906,50,female,caucasian,slightlyhappy
907,53,male,caucasian,slightlyhappy
908,19,male,caucasian,neutral
909,34,female,caucasian,slightlyhappy
910,43,male,caucasian,slightlyhappy
911,18,female,caucasian,neutral
912,22,female,caucasian,slightlyhappy
913,37,female,caucasian,slightlyhappy
914,37,female,caucasian,neutral
915,36,male,caucasian,neutral
916,19,female,caucasian,slightlyhappy
917,56,female,caucasian,happy
918,44,female,caucasian,slightlyhappy
919,38,male,asian,slightlyhappy
920,1,female,caucasian,neutral
921,26,male,asian,slightlyhappy
923,16,male,caucasian,slightlyhappy
924,29,male,caucasian,neutral
925,54,male,caucasian,neutral
926,31,female,caucasian,other
927,20,male,caucasian,neutral
930,37,male,caucasian,slightlyhappy
931,23,male,caucasian,slightlyhappy
932,19,female,caucasian,slightlyhappy
933,39,female,caucasian,slightlyhappy
934,32,male,caucasian,slightlyhappy
935,54,male,caucasian,slightlyhappy
936,33,female,caucasian,slightlyhappy
937,79,female,asian,slightlyhappy
938,22,male,caucasian,slightlyhappy
939,72,female,caucasian,neutral
940,23,female,caucasian,neutral
941,27,female,afroamerican,happy
942,35,female,caucasian,slightlyhappy
943,27,male,caucasian,neutral
944,28,male,asian,neutral
947,26,male,caucasian,neutral
949,19,female,afroamerican,slightlyhappy
950,29,female,caucasian,neutral
951,4,male,caucasian,neutral
952,15,male,caucasian,neutral
953,22,male,caucasian,neutral
954,26,female,caucasian,neutral
956,27,male,caucasian,neutral
957,20,male,caucasian,slightlyhappy
958,16,male,caucasian,neutral
959,27,female,caucasian,neutral
960,32,male,caucasian,slightlyhappy
961,17,female,caucasian,neutral
962,29,male,asian,neutral
963,3,female,asian,neutral
964,33,male,caucasian,slightlyhappy
965,18,male,caucasian,neutral
966,17,male,caucasian,neutral
970,1,female,caucasian,neutral
971,45,female,caucasian,slightlyhappy
972,48,male,caucasian,neutral
973,53,female,caucasian,slightlyhappy
974,32,female,caucasian,slightlyhappy
976,26,male,asian,slightlyhappy
977,1,female,caucasian,neutral
979,33,male,caucasian,neutral
980,44,male,caucasian,slightlyhappy
981,37,female,caucasian,slightlyhappy
982,23,male,caucasian,neutral
983,20,female,caucasian,slightlyhappy
984,30,male,caucasian,neutral
985,14,female,asian,slightlyhappy
986,20,female,caucasian,slightlyhappy
987,35,female,caucasian,slightlyhappy
988,65,male,caucasian,slightlyhappy
989,41,female,caucasian,slightlyhappy
990,19,female,caucasian,slightlyhappy
991,1,male,caucasian,slightlyhappy
992,25,male,caucasian,neutral
993,27,female,caucasian,happy
994,1,female,caucasian,neutral
995,22,female,caucasian,neutral
996,37,male,caucasian,neutral
998,19,female,caucasian,slightlyhappy
1000,62,male,caucasian,neutral
1001,30,female,caucasian,happy
1002,28,female,caucasian,neutral
1003,7,female,asian,neutral
1004,37,female,caucasian,slightlyhappy
1005,35,female,caucasian,slightlyhappy
1006,33,male,caucasian,neutral
1007,30,female,asian,slightlyhappy
1009,32,male,caucasian,neutral
1010,22,female,caucasian,slightlyhappy
1011,16,female,caucasian,neutral
1013,23,female,caucasian,neutral
1014,21,female,caucasian,slightlyhappy
1015,23,female,asian,happy
1016,19,female,caucasian,slightlyhappy
1017,43,male,caucasian,slightlyhappy
1018,40,male,caucasian,neutral
1019,1,male,caucasian,neutral
1020,37,female,caucasian,slightlyhappy
1021,29,female,caucasian,slightlyhappy
1022,22,female,caucasian,slightlyhappy
1024,40,male,caucasian,neutral
1026,23,female,caucasian,neutral
1028,25,female,caucasian,happy
1031,42,male,caucasian,neutral
1032,16,male,caucasian,slightlyhappy
1033,30,male,asian,slightlyhappy
1034,38,female,caucasian,slightlyhappy
1037,61,male,caucasian,slightlyhappy
1038,64,male,caucasian,slightlyhappy
1039,21,female,caucasian,slightlyhappy
1040,18,male,caucasian,neutral
1042,13,female,caucasian,slightlyhappy
1043,33,male,caucasian,slightlyhappy
1044,18,male,caucasian,neutral
1045,25,male,caucasian,slightlyhappy
1046,35,male,caucasian,slightlyhappy
1047,32,female,caucasian,happy
1048,27,female,asian,neutral
1049,32,female,caucasian,slightlyhappy
1051,85,female,caucasian,slightlyhappy
1053,34,female,caucasian,slightlyhappy
1054,21,female,asian,slightlyhappy
1056,24,male,caucasian,neutral
1058,50,female,caucasian,slightlyhappy
1059,25,male,caucasian,slightlyhappy
1060,54,female,caucasian,slightlyhappy
1061,30,male,caucasian,neutral
1062,1,female,caucasian,slightlyhappy
1063,23,male,caucasian,slightlyhappy
1064,5,female,caucasian,neutral
1065,27,male,caucasian,happy
1066,57,male,afroamerican,neutral
1067,18,male,caucasian,neutral
1068,18,male,caucasian,neutral
1069,37,male,caucasian,neutral
1070,27,female,caucasian,slightlyhappy
1071,23,female,caucasian,slightlyhappy
1072,59,female,caucasian,neutral
1073,64,male,caucasian,other
1074,35,female,caucasian,slightlyhappy
1075,38,female,caucasian,slightlyhappy
1076,35,male,caucasian,slightlyhappy
1077,27,female,caucasian,slightlyhappy
1078,24,female,caucasian,slightlyhappy
1079,18,male,caucasian,slightlyhappy
1080,27,male,caucasian,neutral
1082,37,male,caucasian,slightlyhappy
1083,37,male,asian,neutral
1085,2,female,caucasian,happy
1086,44,male,caucasian,neutral
1087,15,female,caucasian,slightlyhappy
1088,16,female,asian,slightlyhappy
1090,22,female,caucasian,slightlyhappy
1092,35,female,caucasian,slightlyhappy
1093,57,male,caucasian,neutral
1094,36,male,caucasian,neutral
1095,30,female,caucasian,happy
1096,13,male,caucasian,neutral
1097,9,male,caucasian,slightlyhappy
1098,33,female,caucasian,slightlyhappy
1099,26,female,asian,neutral
1100,53,male,caucasian,neutral
1102,33,female,caucasian,happy
1103,24,female,caucasian,slightlyhappy
1104,23,female,caucasian,neutral
1106,46,male,caucasian,slightlyhappy
1107,33,female,caucasian,neutral
1108,26,female,asian,slightlyhappy
1109,33,female,caucasian,happy
1110,23,female,caucasian,slightlyhappy
1112,50,male,caucasian,happy
1113,30,male,asian,slightlyhappy
1115,38,male,caucasian,happy
1116,19,male,asian,happy
1117,6,female,caucasian,happy
1118,30,male,caucasian,neutral
1120,25,female,caucasian,slightlyhappy
1123,21,male,caucasian,neutral
1124,18,female,caucasian,slightlyhappy
1125,17,female,caucasian,slightlyhappy
1126,27,male,caucasian,neutral
1127,1,male,caucasian,neutral
1128,36,male,caucasian,slightlyhappy
1129,33,female,caucasian,slightlyhappy
1130,31,female,caucasian,slightlyhappy
1131,4,female,caucasian,slightlyhappy
1132,28,male,caucasian,slightlyhappy
1133,55,male,caucasian,happy
1134,33,female,caucasian,slightlyhappy
1135,19,female,caucasian,happy
1136,33,male,caucasian,other
1137,48,female,caucasian,slightlyhappy
1138,38,female,caucasian,slightlyhappy
1139,11,male,caucasian,slightlyhappy
1140,37,male,caucasian,neutral
1141,24,male,caucasian,neutral
1145,7,female,afroamerican,happy
1146,54,male,caucasian,slightlyhappy
1147,58,male,caucasian,slightlyhappy
1148,27,female,caucasian,slightlyhappy
1150,8,female,caucasian,slightlyhappy
1151,22,female,caucasian,slightlyhappy
1152,21,female,asian,slightlyhappy
1153,35,male,caucasian,slightlyhappy
1154,59,male,caucasian,neutral
1155,46,female,caucasian,neutral
1156,26,male,caucasian,neutral
1157,21,male,caucasian,neutral
1158,59,male,caucasian,slightlyhappy
1159,19,female,caucasian,slightlyhappy
1160,29,male,asian,slightlyhappy
1161,20,female,asian,slightlyhappy
1162,30,male,caucasian,neutral
1164,71,female,caucasian,neutral
1165,28,male,caucasian,slightlyhappy
1169,9,female,caucasian,neutral
1171,46,female,caucasian,slightlyhappy
1172,23,female,caucasian,neutral
1173,29,male,caucasian,slightlyhappy
1176,52,female,caucasian,happy
1177,32,female,caucasian,happy
1178,69,male,caucasian,neutral
1179,68,male,caucasian,neutral
1180,44,female,caucasian,happy
1181,22,female,caucasian,slightlyhappy
1182,25,male,caucasian,slightlyhappy
1183,75,female,caucasian,neutral
1184,27,female,caucasian,slightlyhappy
1186,26,female,caucasian,slightlyhappy
1187,40,male,caucasian,slightlyhappy
1188,26,female,caucasian,slightlyhappy
1189,51,male,caucasian,slightlyhappy
1190,49,female,caucasian,slightlyhappy
1191,24,male,caucasian,neutral
1192,43,male,caucasian,neutral
1193,27,male,caucasian,slightlyhappy
1196,1,male,caucasian,slightlyhappy
1197,45,male,caucasian,slightlyhappy
1198,23,female,caucasian,slightlyhappy
1199,32,female,asian,slightlyhappy
1200,25,female,caucasian,slightlyhappy
1201,63,male,caucasian,neutral
1203,29,male,caucasian,neutral
1204,29,female,caucasian,slightlyhappy
1205,23,female,caucasian,neutral
1206,16,male,caucasian,neutral
1207,28,male,caucasian,neutral
1208,32,female,asian,slightlyhappy
1209,60,female,caucasian,slightlyhappy
1210,20,female,caucasian,happy
1211,7,male,caucasian,neutral
1213,50,male,caucasian,slightlyhappy
1214,14,male,caucasian,happy
1215,41,male,caucasian,slightlyhappy
1217,32,female,caucasian,neutral
1218,3,female,caucasian,neutral
1219,34,male,caucasian,slightlyhappy
1220,7,female,caucasian,happy
1221,19,female,caucasian,neutral
1222,38,male,caucasian,neutral
1224,60,male,caucasian,slightlyhappy
1225,14,female,caucasian,neutral
1227,53,male,caucasian,happy
1228,32,female,caucasian,neutral
1229,22,female,caucasian,slightlyhappy
1230,24,male,asian,slightlyhappy
1231,36,female,caucasian,slightlyhappy
1232,38,male,asian,neutral
1233,24,male,caucasian,neutral
1234,25,male,caucasian,neutral
1236,25,male,caucasian,neutral
1237,1,female,caucasian,slightlyhappy
1238,19,female,asian,slightlyhappy
1239,15,female,asian,neutral
1240,56,female,caucasian,slightlyhappy
1241,52,male,caucasian,slightlyhappy
1242,57,male,caucasian,happy
1243,30,male,caucasian,neutral
1244,4,male,caucasian,neutral
1245,6,female,caucasian,slightlyhappy
1246,29,male,caucasian,neutral
1247,20,female,caucasian,slightlyhappy
1248,55,male,caucasian,slightlyhappy
1249,33,male,caucasian,neutral
1250,31,female,caucasian,neutral
1251,73,male,caucasian,neutral
1252,40,male,caucasian,slightlyhappy
1253,39,female,caucasian,slightlyhappy
1254,55,male,caucasian,slightlyhappy
1256,32,male,caucasian,neutral
1257,47,female,caucasian,happy
1258,23,female,caucasian,slightlyhappy
1259,31,female,caucasian,happy
1260,24,female,caucasian,happy
1261,25,male,caucasian,neutral
1262,25,female,caucasian,neutral
1263,12,male,caucasian,slightlyhappy
1264,26,male,afroamerican,neutral
1265,22,male,asian,neutral
1266,55,male,caucasian,slightlyhappy
1268,13,male,caucasian,happy
1269,25,female,caucasian,neutral
1270,17,female,caucasian,neutral
1272,24,female,caucasian,slightlyhappy
1273,44,female,caucasian,happy
1274,51,female,caucasian,slightlyhappy
1275,31,male,caucasian,neutral
1276,24,male,caucasian,neutral
1277,21,female,caucasian,slightlyhappy
1278,19,female,caucasian,slightlyhappy
1279,23,male,caucasian,slightlyhappy
1280,14,male,caucasian,neutral
1281,38,male,caucasian,neutral
1282,22,male,caucasian,slightlyhappy
1284,28,male,caucasian,slightlyhappy
1285,7,female,caucasian,slightlyhappy
1286,42,male,caucasian,neutral
1287,40,female,caucasian,neutral
1289,15,male,caucasian,neutral
1290,17,male,caucasian,neutral
1291,33,female,caucasian,slightlyhappy
1292,44,male,caucasian,neutral
1293,29,female,caucasian,slightlyhappy
1294,24,male,caucasian,neutral
1295,22,female,asian,slightlyhappy
1296,34,male,caucasian,neutral
1297,22,male,caucasian,neutral
1298,60,male,caucasian,neutral
1299,32,male,caucasian,neutral
1301,36,female,caucasian,slightlyhappy
1303,26,male,caucasian,slightlyhappy
1304,27,female,caucasian,slightlyhappy
1307,30,male,caucasian,slightlyhappy
1308,59,male,caucasian,neutral
1310,19,male,caucasian,slightlyhappy
1311,42,female,caucasian,slightlyhappy
1312,20,female,caucasian,neutral
1315,25,male,caucasian,slightlyhappy
1316,26,female,caucasian,slightlyhappy
1317,18,male,caucasian,slightlyhappy
1319,74,male,caucasian,slightlyhappy
1320,6,female,caucasian,neutral
1321,26,female,caucasian,neutral
1322,31,female,caucasian,slightlyhappy
1324,31,male,caucasian,neutral
1325,45,male,asian,neutral
1326,29,female,caucasian,slightlyhappy
1327,34,male,caucasian,other
1328,23,male,caucasian,happy
1331,22,female,caucasian,slightlyhappy
1332,31,female,caucasian,happy
1333,55,male,caucasian,slightlyhappy
1335,20,female,caucasian,neutral
1337,44,male,caucasian,neutral
1338,30,male,caucasian,slightlyhappy
1340,67,male,caucasian,other
1341,29,male,afroamerican,slightlyhappy
1342,25,male,caucasian,slightlyhappy
1343,23,female,asian,other
1344,24,male,caucasian,other
1345,1,male,caucasian,neutral
1347,52,female,caucasian,slightlyhappy
1348,22,female,caucasian,slightlyhappy
1349,62,female,caucasian,slightlyhappy
1350,31,female,caucasian,happy
1352,29,female,caucasian,neutral
1353,15,female,caucasian,slightlyhappy
1354,29,female,caucasian,neutral
1355,7,female,caucasian,slightlyhappy
1356,52,female,caucasian,slightlyhappy
1358,30,male,caucasian,slightlyhappy
1359,22,female,caucasian,slightlyhappy
1360,43,male,caucasian,slightlyhappy
1361,36,male,caucasian,neutral
1362,31,male,afroamerican,happy
1363,30,female,caucasian,happy
1364,43,male,caucasian,happy
1365,1,female,caucasian,slightlyhappy
1366,16,male,caucasian,neutral
1367,23,male,caucasian,happy
1368,26,female,caucasian,happy
1369,33,male,caucasian,happy
1370,35,male,caucasian,neutral
1371,52,female,caucasian,happy
1372,11,female,caucasian,happy
1373,20,female,caucasian,slightlyhappy
1375,24,female,caucasian,slightlyhappy
1376,37,male,caucasian,slightlyhappy
1377,26,male,caucasian,slightlyhappy
1378,34,male,caucasian,neutral
1379,35,male,caucasian,slightlyhappy
1380,12,male,caucasian,neutral
1381,11,male,caucasian,slightlyhappy
1382,48,male,caucasian,slightlyhappy
1383,26,female,caucasian,neutral
1384,16,female,caucasian,slightlyhappy
1386,29,female,caucasian,happy
1387,39,male,caucasian,slightlyhappy
1388,21,male,caucasian,slightlyhappy
1391,83,female,caucasian,slightlyhappy
1392,32,female,caucasian,slightlyhappy
1393,49,female,caucasian,neutral
1394,4,male,asian,neutral
1395,55,male,caucasian,neutral
1396,24,male,asian,neutral
1397,14,male,caucasian,neutral
1400,20,female,caucasian,neutral
1401,18,male,caucasian,slightlyhappy
1402,25,female,asian,slightlyhappy
1403,43,male,caucasian,slightlyhappy
1404,22,male,asian,neutral
1405,34,female,caucasian,neutral
1406,33,female,caucasian,slightlyhappy
1407,28,male,caucasian,neutral
1410,22,male,caucasian,slightlyhappy
1411,37,male,caucasian,neutral
1413,22,male,caucasian,neutral
1414,1,female,asian,slightlyhappy
1416,26,male,caucasian,neutral
1417,8,female,caucasian,neutral
1418,8,female,caucasian,other
1419,71,male,caucasian,neutral
1420,2,female,caucasian,neutral
1421,27,male,caucasian,neutral
1422,33,female,caucasian,slightlyhappy
1423,23,male,caucasian,slightlyhappy
1424,22,female,caucasian,slightlyhappy
1425,27,female,asian,neutral
1427,2,female,caucasian,slightlyhappy
1428,16,female,caucasian,neutral
1429,53,female,caucasian,neutral
1430,29,female,asian,slightlyhappy
1431,46,female,caucasian,slightlyhappy
1432,21,female,caucasian,slightlyhappy
1433,49,female,caucasian,slightlyhappy
1435,24,female,caucasian,slightlyhappy
1436,42,male,caucasian,slightlyhappy
1437,27,female,caucasian,slightlyhappy
1438,36,female,caucasian,slightlyhappy
1440,24,male,caucasian,slightlyhappy
1441,49,male,afroamerican,neutral
1442,28,female,caucasian,slightlyhappy
1443,31,male,caucasian,other
1444,33,female,caucasian,slightlyhappy
1445,32,female,caucasian,slightlyhappy
1447,19,male,caucasian,slightlyhappy
1448,5,male,caucasian,slightlyhappy
1449,39,male,caucasian,slightlyhappy
1450,20,female,caucasian,slightlyhappy
1451,31,female,caucasian,slightlyhappy
1452,22,male,caucasian,slightlyhappy
1453,15,female,caucasian,slightlyhappy
1454,19,female,caucasian,happy
1455,25,male,caucasian,neutral
1456,31,male,caucasian,slightlyhappy
1457,28,female,caucasian,slightlyhappy
1458,4,female,caucasian,neutral
1460,31,male,caucasian,neutral
1461,18,male,caucasian,slightlyhappy
1462,30,male,caucasian,slightlyhappy
1464,1,male,caucasian,neutral
1465,37,male,caucasian,other
1466,7,female,caucasian,slightlyhappy
1467,11,male,caucasian,other
1468,31,female,caucasian,happy
1469,48,male,caucasian,slightlyhappy
1471,24,female,caucasian,slightlyhappy
1472,33,male,caucasian,neutral
1473,35,female,asian,slightlyhappy
1474,31,female,caucasian,slightlyhappy
1475,24,female,caucasian,slightlyhappy
1476,41,male,caucasian,other
1477,32,female,caucasian,happy
1478,21,female,caucasian,neutral
1480,25,female,caucasian,neutral
1481,21,female,caucasian,slightlyhappy
1482,32,female,caucasian,slightlyhappy
1483,36,female,caucasian,slightlyhappy
1485,17,male,caucasian,slightlyhappy
1487,22,female,caucasian,happy
1488,23,female,asian,happy
1489,52,male,caucasian,slightlyhappy
1490,23,male,caucasian,neutral
1491,53,male,caucasian,neutral
1492,40,male,caucasian,slightlyhappy
1493,61,male,caucasian,neutral
1494,6,male,caucasian,slightlyhappy
1495,33,male,caucasian,neutral
1496,24,male,caucasian,neutral
1497,27,female,caucasian,slightlyhappy
1498,27,male,caucasian,slightlyhappy
1499,21,female,caucasian,neutral
1501,27,male,afroamerican,happy
1502,44,male,caucasian,happy
1504,41,male,caucasian,slightlyhappy
1505,22,female,asian,neutral
1506,28,female,caucasian,slightlyhappy
1507,26,male,asian,neutral
1508,29,female,caucasian,slightlyhappy
1509,27,male,caucasian,happy
1510,52,female,caucasian,happy
1511,50,male,caucasian,neutral
1512,33,male,caucasian,neutral
1514,32,male,caucasian,slightlyhappy
1515,76,female,caucasian,neutral
1516,38,male,caucasian,neutral
1517,22,male,caucasian,slightlyhappy
1518,56,female,caucasian,neutral
1519,31,female,caucasian,slightlyhappy
1520,32,female,caucasian,slightlyhappy
1521,32,male,caucasian,neutral
1522,26,female,caucasian,slightlyhappy
1523,5,female,caucasian,neutral
1525,36,male,caucasian,neutral
1527,31,female,caucasian,happy
1529,46,female,caucasian,slightlyhappy
1530,46,male,caucasian,slightlyhappy
1531,24,female,caucasian,slightlyhappy
1532,24,female,caucasian,happy
1533,25,female,caucasian,other
1534,28,female,asian,slightlyhappy
1535,26,female,caucasian,slightlyhappy
1536,25,male,asian,neutral
1537,36,male,caucasian,slightlyhappy
1538,30,female,caucasian,other
1539,45,female,asian,happy
1540,54,male,caucasian,happy
1541,15,female,caucasian,neutral
1542,39,female,caucasian,happy
1543,54,male,caucasian,slightlyhappy
1545,25,male,caucasian,slightlyhappy
1548,24,female,caucasian,happy
1550,31,female,caucasian,slightlyhappy
1551,33,male,caucasian,happy
1552,41,female,caucasian,happy
1553,31,female,caucasian,other
1554,27,female,caucasian,happy
1555,39,male,caucasian,neutral
1556,28,male,caucasian,slightlyhappy
1557,35,female,caucasian,other
1558,24,female,caucasian,happy
1559,31,female,caucasian,happy
1561,21,female,asian,slightlyhappy
1563,38,female,caucasian,slightlyhappy
1564,20,female,caucasian,happy
1565,28,female,caucasian,happy
1566,19,female,caucasian,happy
1567,20,female,caucasian,neutral
1569,26,male,caucasian,slightlyhappy
1570,1,male,caucasian,slightlyhappy
1571,53,female,caucasian,neutral
1572,10,male,caucasian,slightlyhappy
1573,23,female,caucasian,slightlyhappy
1574,23,male,caucasian,happy
1576,37,female,caucasian,happy
1577,28,male,caucasian,neutral
1578,9,male,caucasian,slightlyhappy
1579,27,male,afroamerican,slightlyhappy
1580,7,male,caucasian,slightlyhappy
1581,50,male,caucasian,slightlyhappy
1583,46,female,caucasian,happy
1585,41,male,caucasian,neutral
1586,32,female,caucasian,happy
1587,28,male,asian,neutral
1588,45,male,caucasian,neutral
1589,24,male,caucasian,happy
1590,48,male,caucasian,slightlyhappy
1591,32,male,caucasian,slightlyhappy
1592,50,female,caucasian,other
1593,32,female,caucasian,slightlyhappy
1595,52,female,caucasian,slightlyhappy
1596,17,female,asian,slightlyhappy
1597,25,female,caucasian,happy
1598,29,female,caucasian,happy
1599,18,female,afroamerican,slightlyhappy
1600,22,female,caucasian,neutral
1602,22,female,caucasian,slightlyhappy
1603,25,female,caucasian,happy
1604,24,male,caucasian,neutral
1606,35,male,afroamerican,neutral
1607,22,female,caucasian,slightlyhappy
1608,27,female,caucasian,slightlyhappy
1610,21,female,caucasian,slightlyhappy
1611,31,female,caucasian,slightlyhappy
1612,28,male,caucasian,neutral
1613,28,female,caucasian,other
1614,26,male,caucasian,slightlyhappy
1615,20,female,caucasian,happy
1616,28,male,caucasian,neutral
1617,48,male,caucasian,slightlyhappy
1618,35,male,asian,slightlyhappy
1619,25,male,caucasian,neutral
1620,32,female,afroamerican,happy
1623,17,female,caucasian,slightlyhappy
1624,26,female,caucasian,happy
1625,14,male,caucasian,neutral
1626,21,male,caucasian,slightlyhappy
1628,30,female,caucasian,happy
1629,27,female,caucasian,happy
1630,5,male,caucasian,slightlyhappy
1631,20,male,caucasian,neutral
1632,3,female,caucasian,slightlyhappy
1633,22,male,caucasian,neutral
1634,35,male,caucasian,neutral
1635,54,male,caucasian,slightlyhappy
1636,33,male,asian,neutral
1637,47,male,caucasian,slightlyhappy
1638,22,female,caucasian,slightlyhappy
1639,20,female,caucasian,slightlyhappy
1640,38,female,caucasian,slightlyhappy
1641,20,female,caucasian,slightlyhappy
1642,35,male,caucasian,neutral
1643,2,male,caucasian,neutral
1644,51,male,caucasian,slightlyhappy
1645,17,male,asian,neutral
1646,12,female,asian,slightlyhappy
1647,31,male,caucasian,neutral
1648,21,female,caucasian,happy
1649,18,male,asian,slightlyhappy
1650,27,female,asian,happy
1651,24,female,caucasian,slightlyhappy
1652,31,male,caucasian,neutral
1653,26,female,afroamerican,happy
1654,16,female,caucasian,slightlyhappy
1655,24,male,caucasian,neutral
1656,27,male,caucasian,neutral
1657,22,male,caucasian,slightlyhappy
1658,44,female,caucasian,neutral
1659,54,female,caucasian,slightlyhappy
1660,53,male,caucasian,neutral
1661,39,male,caucasian,neutral
1663,42,male,caucasian,happy
1664,5,female,caucasian,slightlyhappy
1666,79,female,caucasian,slightlyhappy
1667,35,female,caucasian,slightlyhappy
1668,56,male,caucasian,neutral
1669,31,male,asian,slightlyhappy
1670,28,male,caucasian,neutral
1671,35,female,caucasian,slightlyhappy
1672,1,female,caucasian,slightlyhappy
1673,51,female,caucasian,slightlyhappy
1674,24,female,caucasian,slightlyhappy
1676,19,female,asian,happy
1678,29,male,caucasian,slightlyhappy
1679,28,male,caucasian,neutral
1680,38,female,caucasian,neutral
1681,19,male,caucasian,neutral
1682,29,female,caucasian,neutral
1684,18,female,caucasian,slightlyhappy
1686,25,female,caucasian,neutral
1687,15,female,caucasian,neutral
1688,22,male,caucasian,neutral
1691,71,male,caucasian,neutral
1692,30,female,caucasian,slightlyhappy
1693,27,female,asian,neutral
1694,30,male,caucasian,neutral
1695,19,male,caucasian,neutral
1696,38,male,caucasian,slightlyhappy
1697,25,male,asian,slightlyhappy
1698,26,female,caucasian,happy
1700,36,female,caucasian,slightlyhappy
1701,45,male,caucasian,slightlyhappy
1702,27,male,caucasian,neutral
1703,32,female,caucasian,slightlyhappy
1704,75,female,caucasian,neutral
1705,1,male,caucasian,neutral
1706,20,female,asian,happy
1707,32,female,caucasian,slightlyhappy
1708,6,female,asian,slightlyhappy
1709,59,male,caucasian,slightlyhappy
1710,20,female,caucasian,happy
1711,33,male,caucasian,slightlyhappy
1712,55,male,caucasian,neutral
1713,20,male,asian,slightlyhappy
1714,28,male,asian,neutral
1716,2,male,caucasian,neutral
1717,59,male,caucasian,neutral
1718,29,male,caucasian,slightlyhappy
1720,50,female,caucasian,happy
1722,33,male,caucasian,slightlyhappy
1723,25,female,caucasian,slightlyhappy
1725,33,female,caucasian,slightlyhappy
1726,27,male,caucasian,slightlyhappy
1727,22,female,caucasian,slightlyhappy
1728,25,male,caucasian,other
1730,4,female,caucasian,slightlyhappy
1731,51,male,caucasian,neutral
1732,28,female,caucasian,happy
1733,1,male,caucasian,neutral
1734,33,female,caucasian,happy
1735,40,female,caucasian,slightlyhappy
1736,2,female,asian,neutral
1737,29,female,caucasian,slightlyhappy
1738,19,female,caucasian,neutral
1740,32,female,caucasian,slightlyhappy
1741,35,male,caucasian,neutral
1743,43,male,caucasian,slightlyhappy
1744,45,male,caucasian,happy
1745,42,female,caucasian,slightlyhappy
1746,26,female,caucasian,happy
1747,21,female,caucasian,neutral
1748,39,male,asian,neutral
1749,41,female,caucasian,happy
1750,41,male,caucasian,neutral
1752,14,male,caucasian,slightlyhappy
1753,41,female,caucasian,happy
1754,27,male,caucasian,slightlyhappy
1755,29,male,caucasian,slightlyhappy
1757,25,female,caucasian,slightlyhappy
1758,20,male,caucasian,neutral
1759,35,male,caucasian,neutral
1760,1,male,caucasian,neutral
1761,24,female,asian,slightlyhappy
1762,32,female,caucasian,slightlyhappy
1763,51,female,caucasian,slightlyhappy
1764,50,male,asian,neutral
1765,51,male,caucasian,neutral
1766,19,female,caucasian,slightlyhappy
1767,22,male,caucasian,slightlyhappy
1768,42,male,caucasian,neutral
1769,69,male,caucasian,slightlyhappy
1770,36,male,caucasian,slightlyhappy
1771,32,male,caucasian,slightlyhappy
1772,22,female,afroamerican,slightlyhappy
1773,23,female,caucasian,slightlyhappy
1774,52,female,caucasian,slightlyhappy
1775,30,female,caucasian,neutral
1776,24,male,caucasian,other
1777,28,female,caucasian,neutral
1778,29,female,asian,happy
1779,26,female,caucasian,slightlyhappy
1780,29,male,asian,neutral
1781,20,female,caucasian,happy
1782,24,female,asian,happy
1784,33,male,caucasian,neutral
1785,20,female,caucasian,slightlyhappy
1786,28,female,caucasian,slightlyhappy
1787,27,male,caucasian,neutral
1789,33,female,caucasian,slightlyhappy
1792,49,male,caucasian,slightlyhappy
1793,25,female,caucasian,neutral
1794,42,male,caucasian,slightlyhappy
1797,28,male,caucasian,neutral
1798,22,female,caucasian,slightlyhappy
1799,28,female,caucasian,slightlyhappy
1800,54,male,caucasian,neutral
1802,59,male,caucasian,neutral
1803,79,female,caucasian,neutral
1804,40,male,afroamerican,neutral
1805,20,male,caucasian,slightlyhappy
1807,8,male,caucasian,happy
1808,18,female,caucasian,slightlyhappy
1809,26,male,caucasian,neutral
1810,17,female,caucasian,happy
1811,31,male,caucasian,neutral
1812,52,male,caucasian,neutral
1814,46,male,caucasian,slightlyhappy
1815,63,male,caucasian,slightlyhappy
1816,17,male,caucasian,neutral
1817,26,male,caucasian,slightlyhappy
1818,21,female,caucasian,happy
1820,69,male,caucasian,neutral
1822,49,male,asian,slightlyhappy
1824,32,male,caucasian,slightlyhappy
1825,55,female,caucasian,slightlyhappy
1826,33,female,afroamerican,other
1827,29,female,asian,slightlyhappy
1828,32,female,caucasian,slightlyhappy
1829,33,female,caucasian,slightlyhappy
1830,36,male,caucasian,slightlyhappy
1831,41,female,caucasian,neutral
1832,28,female,caucasian,slightlyhappy
1833,3,female,caucasian,neutral
1834,6,male,asian,slightlyhappy
1835,25,female,asian,neutral
1836,5,female,asian,neutral
1837,25,female,caucasian,slightlyhappy
1838,59,male,caucasian,neutral
1839,39,female,caucasian,slightlyhappy
1840,17,male,caucasian,slightlyhappy
1841,31,female,caucasian,slightlyhappy
1842,4,female,caucasian,slightlyhappy
1843,22,male,caucasian,slightlyhappy
1846,40,female,caucasian,slightlyhappy
1847,39,female,caucasian,slightlyhappy
1848,11,male,caucasian,happy
1850,27,male,caucasian,neutral
1851,30,male,caucasian,neutral
1852,23,female,caucasian,slightlyhappy
1853,21,female,asian,slightlyhappy
1855,55,male,caucasian,slightlyhappy
1856,27,male,caucasian,neutral
1857,26,female,asian,slightlyhappy
1858,36,female,caucasian,neutral
1859,24,female,caucasian,slightlyhappy
1860,14,female,caucasian,neutral
1861,55,male,caucasian,neutral
1862,24,female,caucasian,slightlyhappy
1864,35,female,caucasian,happy
1865,41,male,caucasian,slightlyhappy
1866,28,female,caucasian,happy
1867,19,female,caucasian,slightlyhappy
1868,20,female,caucasian,slightlyhappy
1869,25,female,afroamerican,slightlyhappy
1872,24,male,caucasian,slightlyhappy
1873,24,female,caucasian,happy
1874,41,male,caucasian,neutral
1875,34,male,afroamerican,slightlyhappy
1876,23,male,caucasian,happy
1877,29,male,caucasian,neutral
1879,22,male,caucasian,slightlyhappy
1881,20,male,caucasian,slightlyhappy
1883,33,female,caucasian,happy
1884,50,male,caucasian,neutral
1885,8,male,caucasian,slightlyhappy
1886,28,female,caucasian,slightlyhappy
1889,40,male,caucasian,slightlyhappy
1892,47,female,caucasian,slightlyhappy
1893,9,female,caucasian,happy
1895,54,male,asian,neutral
1896,22,male,caucasian,neutral
1898,5,female,caucasian,neutral
1899,24,female,asian,happy
1900,42,female,caucasian,happy
1901,40,male,caucasian,neutral
1902,18,male,caucasian,neutral
1903,18,male,caucasian,neutral
1904,1,male,caucasian,neutral
1905,30,male,caucasian,slightlyhappy
1906,47,female,caucasian,slightlyhappy
1907,16,female,caucasian,neutral
1908,53,male,caucasian,neutral
1909,23,female,caucasian,slightlyhappy
1910,30,male,caucasian,happy
1911,46,male,caucasian,neutral
1912,26,female,caucasian,slightlyhappy
1913,46,male,caucasian,slightlyhappy
1914,11,female,caucasian,slightlyhappy
1915,17,female,caucasian,happy
1916,25,female,caucasian,slightlyhappy
1917,22,female,caucasian,neutral
1918,34,male,caucasian,slightlyhappy
1919,36,male,caucasian,slightlyhappy
1920,62,male,caucasian,neutral
1921,33,male,caucasian,slightlyhappy
1922,27,female,caucasian,slightlyhappy
1923,29,male,caucasian,neutral
1924,37,female,asian,neutral
1925,23,male,caucasian,neutral
1926,33,male,caucasian,slightlyhappy
1927,63,male,caucasian,slightlyhappy
1928,27,male,asian,slightlyhappy
1929,22,female,caucasian,slightlyhappy
1930,23,male,caucasian,neutral
1931,23,female,caucasian,slightlyhappy
1932,4,male,caucasian,happy
1933,56,male,caucasian,slightlyhappy
1934,20,female,caucasian,slightlyhappy
1935,3,male,caucasian,neutral
1936,59,female,caucasian,other
1937,35,female,caucasian,slightlyhappy
1938,6,female,caucasian,slightlyhappy
1939,26,female,caucasian,happy
1940,41,male,caucasian,neutral
1941,22,female,asian,neutral
1942,17,male,asian,other
1944,28,female,caucasian,happy
1945,27,female,caucasian,neutral
1946,24,female,asian,happy
1948,21,female,caucasian,happy
1949,18,female,caucasian,slightlyhappy
1950,25,female,caucasian,slightlyhappy
1951,31,male,caucasian,neutral
1952,20,female,caucasian,happy
1954,20,female,caucasian,slightlyhappy
1955,25,female,caucasian,slightlyhappy
1956,29,male,caucasian,slightlyhappy
1957,53,male,caucasian,happy
1958,24,female,caucasian,happy
1959,31,female,asian,slightlyhappy
1960,29,male,caucasian,neutral
1961,56,female,caucasian,slightlyhappy
1962,50,female,caucasian,slightlyhappy
1963,52,male,caucasian,slightlyhappy
1964,27,male,caucasian,slightlyhappy
1965,17,female,afroamerican,happy
1966,25,male,caucasian,neutral
1968,61,male,caucasian,slightlyhappy
1969,28,male,caucasian,happy
1971,32,male,caucasian,neutral
1972,27,female,caucasian,slightlyhappy
1973,35,male,caucasian,neutral
1974,19,female,caucasian,neutral
1975,21,female,caucasian,happy
1976,18,male,caucasian,neutral
1977,29,male,caucasian,neutral
1978,21,male,asian,neutral
1979,20,female,caucasian,slightlyhappy
1980,22,male,caucasian,slightlyhappy
1982,33,male,caucasian,slightlyhappy
1983,23,female,caucasian,neutral
1984,27,male,caucasian,slightlyhappy
1985,24,male,caucasian,neutral
1987,20,male,caucasian,slightlyhappy
1988,23,female,caucasian,happy
1989,60,male,caucasian,other
1991,24,male,caucasian,neutral
1992,11,female,caucasian,happy
1993,31,male,caucasian,slightlyhappy
1994,28,female,caucasian,happy
1995,16,male,caucasian,slightlyhappy
1997,24,male,asian,neutral
1998,20,female,caucasian,happy
2003,66,male,caucasian,happy
2004,54,male,caucasian,slightlyhappy
2005,30,male,caucasian,neutral
2006,20,female,asian,slightlyhappy
2007,31,male,caucasian,neutral
2008,49,male,caucasian,neutral
2009,20,male,caucasian,neutral
2010,40,female,caucasian,happy
2011,24,male,caucasian,happy
2012,23,male,caucasian,happy
2014,59,male,caucasian,neutral
2015,29,female,asian,happy
2016,31,female,asian,happy
2017,22,female,asian,neutral
2018,54,male,caucasian,neutral
2019,30,male,asian,neutral
2020,30,male,caucasian,slightlyhappy
2022,32,male,caucasian,neutral
2023,47,male,caucasian,slightlyhappy
2025,11,male,caucasian,slightlyhappy
2026,7,male,caucasian,slightlyhappy
2027,61,male,caucasian,slightlyhappy
2028,19,female,caucasian,neutral
2029,20,female,caucasian,neutral
2030,32,female,caucasian,neutral
2031,23,female,caucasian,slightlyhappy
2032,33,male,caucasian,happy
2033,52,male,caucasian,happy
2034,38,male,caucasian,neutral
2038,23,male,caucasian,slightlyhappy
2039,23,female,caucasian,happy
2040,16,male,caucasian,neutral
2042,22,female,caucasian,neutral
2043,60,male,caucasian,neutral
2044,28,male,caucasian,happy
2045,32,female,caucasian,happy
2046,25,male,caucasian,slightlyhappy
2047,45,female,caucasian,happy
2050,1,male,caucasian,neutral
2051,27,male,caucasian,happy
2052,31,female,caucasian,slightlyhappy
2053,48,female,caucasian,happy
2054,42,male,caucasian,neutral
2055,17,female,caucasian,slightlyhappy
2056,58,male,asian,neutral
2057,35,female,caucasian,neutral
2058,7,male,asian,neutral
2059,57,male,caucasian,neutral
2060,21,female,caucasian,happy
2061,50,male,caucasian,happy
2062,22,female,caucasian,happy
2063,24,female,caucasian,happy
2064,30,male,asian,neutral
2065,49,male,caucasian,slightlyhappy
2067,37,female,afroamerican,neutral
2068,24,female,caucasian,neutral
2069,48,female,afroamerican,neutral
2070,32,male,caucasian,neutral
2071,29,female,caucasian,happy
2072,51,female,caucasian,neutral
2073,21,female,caucasian,happy
2074,26,male,caucasian,happy
2075,51,male,caucasian,neutral
2076,30,male,caucasian,happy
2077,16,male,caucasian,neutral
2079,23,female,caucasian,happy
2080,4,male,caucasian,neutral
2083,47,female,caucasian,slightlyhappy
2084,32,female,caucasian,happy
2085,4,male,caucasian,neutral
2086,1,male,caucasian,slightlyhappy
2087,38,male,caucasian,neutral
2088,30,male,caucasian,slightlyhappy
2089,51,male,caucasian,slightlyhappy
2090,39,male,caucasian,other
2091,36,male,caucasian,slightlyhappy
2092,20,female,caucasian,slightlyhappy
2094,29,male,caucasian,slightlyhappy
2096,33,male,caucasian,neutral
2097,20,female,caucasian,neutral
2098,46,male,caucasian,slightlyhappy
2099,40,female,asian,slightlyhappy
2100,63,male,caucasian,neutral
2101,19,female,caucasian,slightlyhappy
2102,30,female,caucasian,slightlyhappy
2104,4,male,caucasian,neutral
2105,28,female,caucasian,slightlyhappy
2106,27,male,caucasian,neutral
2107,25,male,asian,neutral
2108,26,male,caucasian,slightlyhappy
2109,66,male,caucasian,slightlyhappy
2110,20,female,caucasian,slightlyhappy
2111,25,female,caucasian,slightlyhappy
2112,38,female,caucasian,slightlyhappy
2113,25,male,caucasian,slightlyhappy
2114,64,male,caucasian,neutral
2115,42,female,asian,neutral
2116,65,male,caucasian,neutral
2117,27,female,caucasian,neutral
2118,24,male,caucasian,happy
2119,18,male,caucasian,slightlyhappy
2120,26,female,caucasian,happy
2121,34,male,caucasian,neutral
2122,18,male,caucasian,neutral
2123,34,male,caucasian,slightlyhappy
2124,24,female,caucasian,slightlyhappy
2125,28,female,caucasian,happy
2126,26,female,caucasian,slightlyhappy
2127,20,male,caucasian,happy
2128,23,male,caucasian,other
2130,66,female,caucasian,neutral
2131,24,male,caucasian,slightlyhappy
2132,48,female,caucasian,happy
2134,31,male,caucasian,slightlyhappy
2137,20,female,asian,slightlyhappy
2138,46,male,caucasian,slightlyhappy
2139,34,female,caucasian,slightlyhappy
2140,35,female,caucasian,happy
2141,27,female,asian,slightlyhappy
2142,31,female,caucasian,neutral
2143,28,female,caucasian,slightlyhappy
2144,19,male,asian,slightlyhappy
2145,17,female,caucasian,neutral
2147,37,male,caucasian,neutral
2148,19,male,asian,slightlyhappy
2149,45,male,caucasian,neutral
2151,28,male,caucasian,slightlyhappy
2152,26,female,caucasian,slightlyhappy
2154,22,female,caucasian,slightlyhappy
2155,29,female,caucasian,slightlyhappy
2156,24,male,caucasian,neutral
2157,22,female,caucasian,slightlyhappy
2158,2,male,caucasian,neutral
2159,71,female,caucasian,neutral
2160,31,male,asian,neutral
2161,24,female,caucasian,happy
2162,30,female,caucasian,slightlyhappy
2163,44,female,caucasian,slightlyhappy
2165,38,male,caucasian,slightlyhappy
2166,25,female,caucasian,neutral
2167,27,male,caucasian,neutral
2168,17,male,caucasian,neutral
2169,39,male,caucasian,neutral
2171,40,male,caucasian,neutral
2172,35,female,caucasian,neutral
2173,33,male,caucasian,slightlyhappy
2175,23,female,caucasian,slightlyhappy
2176,42,male,asian,neutral
2177,57,male,caucasian,slightlyhappy
2179,33,male,caucasian,neutral
2180,23,male,caucasian,neutral
2181,24,male,caucasian,neutral
2182,27,male,caucasian,neutral
2183,32,male,caucasian,slightlyhappy
2185,3,male,caucasian,neutral
2186,27,female,caucasian,happy
2188,18,female,caucasian,neutral
2189,17,female,caucasian,neutral
2190,9,female,caucasian,neutral
2191,38,female,caucasian,slightlyhappy
2192,18,female,caucasian,neutral
2193,28,female,caucasian,slightlyhappy
2194,35,female,caucasian,neutral
2195,41,female,asian,slightlyhappy
2196,33,female,caucasian,neutral
2197,35,male,caucasian,happy
2198,36,female,caucasian,neutral
2199,24,male,caucasian,slightlyhappy
2200,28,male,caucasian,neutral
2201,15,male,caucasian,neutral
2202,27,female,caucasian,slightlyhappy
2203,21,male,caucasian,slightlyhappy
2204,25,female,caucasian,neutral
2205,52,female,caucasian,neutral
2206,58,male,caucasian,neutral
2207,39,male,caucasian,slightlyhappy
2208,26,female,caucasian,neutral
2209,23,male,caucasian,slightlyhappy
2210,16,male,caucasian,neutral
2211,1,male,caucasian,neutral
2212,24,female,caucasian,slightlyhappy
2213,30,female,afroamerican,happy
2215,37,male,caucasian,neutral
2216,24,male,caucasian,neutral
2217,19,male,asian,neutral
2218,29,male,caucasian,slightlyhappy
2219,26,female,caucasian,happy
2221,28,female,caucasian,slightlyhappy
2222,21,female,caucasian,slightlyhappy
2223,1,male,caucasian,neutral
2224,28,male,caucasian,neutral
2225,25,female,caucasian,neutral
2229,5,male,caucasian,neutral
2230,2,female,caucasian,slightlyhappy
2231,53,female,caucasian,slightlyhappy
2233,21,female,caucasian,happy
2234,21,female,caucasian,neutral
2235,19,female,asian,happy
2236,36,female,caucasian,happy
2237,27,male,asian,happy
2238,25,female,caucasian,neutral
2239,23,female,caucasian,happy
2240,29,male,caucasian,slightlyhappy
2241,23,female,caucasian,slightlyhappy
2242,28,female,caucasian,slightlyhappy
2243,20,female,caucasian,happy
2244,19,male,afroamerican,neutral
2245,23,female,caucasian,slightlyhappy
2246,41,female,caucasian,neutral
2247,14,male,caucasian,neutral
2248,45,female,caucasian,slightlyhappy
2249,21,female,caucasian,neutral
2250,80,female,caucasian,neutral
2251,36,male,caucasian,neutral
2252,14,male,caucasian,neutral
2254,59,male,caucasian,neutral
2255,46,female,caucasian,slightlyhappy
2256,47,female,caucasian,slightlyhappy
2257,38,male,caucasian,neutral
2258,53,female,caucasian,slightlyhappy
2259,63,female,caucasian,neutral
2260,68,male,caucasian,neutral
2261,16,female,asian,slightlyhappy
2262,46,female,caucasian,neutral
2263,22,female,caucasian,slightlyhappy
2264,6,male,caucasian,neutral
2265,34,male,caucasian,neutral
2267,26,male,caucasian,slightlyhappy
2268,32,female,caucasian,slightlyhappy
2270,23,female,asian,slightlyhappy
2274,29,female,caucasian,slightlyhappy
2275,6,female,caucasian,neutral
2276,48,male,caucasian,slightlyhappy
2278,26,male,caucasian,neutral
2279,29,female,caucasian,slightlyhappy
2280,37,male,caucasian,neutral
2281,26,female,caucasian,slightlyhappy
2282,44,male,caucasian,neutral
2284,36,male,caucasian,slightlyhappy
2286,51,male,caucasian,neutral
2287,32,male,caucasian,slightlyhappy
2288,45,male,caucasian,neutral
2289,44,male,caucasian,neutral
2290,48,male,caucasian,happy
2291,40,male,caucasian,happy
2293,26,female,caucasian,happy
2294,27,female,caucasian,happy
2296,36,male,caucasian,happy
2297,28,female,caucasian,slightlyhappy
2298,28,female,afroamerican,slightlyhappy
2299,24,male,asian,slightlyhappy
2301,40,female,caucasian,neutral
2302,15,male,caucasian,slightlyhappy
2304,33,male,asian,neutral
2305,33,male,caucasian,neutral
2306,46,male,caucasian,slightlyhappy
2307,26,female,caucasian,slightlyhappy
2308,22,female,caucasian,slightlyhappy
2309,68,male,caucasian,neutral
2311,22,female,caucasian,neutral
2312,29,female,caucasian,slightlyhappy
2314,52,male,caucasian,happy
2315,15,female,caucasian,happy
2316,12,female,caucasian,happy
2317,67,male,caucasian,neutral
2318,32,male,caucasian,happy
2319,5,male,caucasian,happy
2320,37,male,caucasian,slightlyhappy
2321,23,female,caucasian,happy
2322,80,female,caucasian,slightlyhappy
2323,41,male,caucasian,slightlyhappy
2325,1,male,caucasian,neutral
2326,24,male,asian,slightlyhappy
2327,48,male,caucasian,neutral
2328,2,female,caucasian,neutral
2330,44,male,caucasian,slightlyhappy
2331,39,male,caucasian,slightlyhappy
2332,47,male,caucasian,slightlyhappy
2333,26,female,caucasian,neutral
2334,29,female,caucasian,slightlyhappy
2335,7,male,caucasian,slightlyhappy
2336,19,female,caucasian,neutral
2338,35,male,caucasian,slightlyhappy
2339,20,female,caucasian,slightlyhappy
2340,38,male,caucasian,neutral
2341,36,male,caucasian,neutral
2342,65,male,caucasian,neutral
2343,21,male,caucasian,slightlyhappy
2344,30,male,caucasian,slightlyhappy
2345,55,male,caucasian,neutral
2346,39,male,caucasian,slightlyhappy
2347,36,male,caucasian,neutral
2348,27,male,asian,neutral
2349,53,female,caucasian,slightlyhappy
2350,27,female,caucasian,slightlyhappy
2351,55,male,caucasian,neutral
2352,31,male,caucasian,slightlyhappy
2353,56,female,caucasian,neutral
2354,34,female,caucasian,slightlyhappy
2355,44,female,caucasian,slightlyhappy
2356,53,female,caucasian,slightlyhappy
2357,32,female,caucasian,happy
2358,29,female,afroamerican,happy
2360,27,female,asian,slightlyhappy
2361,17,female,asian,slightlyhappy
2362,30,female,caucasian,happy
2363,6,male,caucasian,other
2364,30,male,asian,slightlyhappy
2365,27,male,caucasian,neutral
2366,15,female,caucasian,neutral
2367,16,female,asian,slightlyhappy
2368,1,male,caucasian,neutral
2370,26,female,caucasian,slightlyhappy
2371,20,female,caucasian,happy
2372,28,male,caucasian,neutral
2373,23,female,caucasian,neutral
2374,1,female,caucasian,neutral
2375,30,male,caucasian,other
2376,34,male,asian,slightlyhappy
2377,30,male,caucasian,other
2378,20,female,caucasian,slightlyhappy
2379,19,male,caucasian,slightlyhappy
2380,38,male,caucasian,happy
2382,28,male,caucasian,neutral
2386,7,male,caucasian,slightlyhappy
2387,32,female,caucasian,slightlyhappy
2388,30,male,caucasian,neutral
2389,67,male,asian,slightlyhappy
2390,28,male,caucasian,slightlyhappy
2391,36,female,caucasian,happy
2392,31,male,caucasian,slightlyhappy
2393,45,male,caucasian,neutral
2394,36,male,afroamerican,slightlyhappy
2395,22,female,asian,neutral
2396,38,female,afroamerican,slightlyhappy
2397,41,male,caucasian,slightlyhappy
2398,1,male,caucasian,slightlyhappy
2399,4,female,caucasian,slightlyhappy
2400,25,female,caucasian,slightlyhappy
2401,38,female,caucasian,slightlyhappy
2402,51,female,asian,slightlyhappy
2403,28,female,caucasian,happy
2405,31,male,caucasian,slightlyhappy
2406,24,male,asian,slightlyhappy
2407,34,female,caucasian,happy
2408,2,female,caucasian,happy
2410,51,female,caucasian,slightlyhappy
2411,22,female,caucasian,neutral
2412,23,female,asian,slightlyhappy
2413,24,female,caucasian,neutral
2414,38,male,caucasian,neutral
2415,54,male,caucasian,slightlyhappy
2417,31,female,caucasian,neutral
2418,59,male,caucasian,slightlyhappy
2419,41,female,caucasian,slightlyhappy
2420,22,female,caucasian,slightlyhappy
2422,23,male,caucasian,slightlyhappy
2423,46,male,caucasian,neutral
2424,76,female,caucasian,slightlyhappy
2425,47,male,caucasian,slightlyhappy
2426,33,female,caucasian,happy
2427,10,female,afroamerican,neutral
2430,24,female,caucasian,slightlyhappy
2431,31,female,caucasian,neutral
2432,14,male,caucasian,slightlyhappy
2433,23,female,caucasian,neutral
2434,54,female,caucasian,slightlyhappy
2437,44,female,caucasian,slightlyhappy
2439,40,male,caucasian,neutral
2440,34,female,caucasian,slightlyhappy
2442,32,male,caucasian,slightlyhappy
2443,22,male,caucasian,neutral
2444,41,male,caucasian,slightlyhappy
2445,24,male,caucasian,slightlyhappy
2446,30,male,caucasian,slightlyhappy
2447,24,female,caucasian,slightlyhappy
2448,37,male,caucasian,slightlyhappy
2449,30,female,caucasian,slightlyhappy
2450,22,female,caucasian,slightlyhappy
2451,26,male,caucasian,neutral
2453,16,male,asian,neutral
2454,24,female,caucasian,neutral
2455,28,female,caucasian,slightlyhappy
2456,6,male,caucasian,neutral
2458,21,female,caucasian,happy
2459,21,male,caucasian,slightlyhappy
2460,19,female,asian,neutral
2461,58,male,caucasian,slightlyhappy
2462,5,male,caucasian,neutral
2463,57,male,caucasian,neutral
2464,17,female,caucasian,slightlyhappy
2465,26,male,caucasian,slightlyhappy
2466,33,male,caucasian,slightlyhappy
2467,33,female,caucasian,slightlyhappy
2468,31,female,afroamerican,neutral
2469,37,male,afroamerican,slightlyhappy
2470,5,male,caucasian,slightlyhappy
2471,24,female,caucasian,slightlyhappy
2472,28,female,caucasian,slightlyhappy
2473,2,female,caucasian,neutral
2474,39,male,caucasian,neutral
2475,23,male,caucasian,slightlyhappy
2476,51,female,caucasian,slightlyhappy
2477,25,male,caucasian,neutral
2478,2,male,caucasian,neutral
2479,53,male,caucasian,neutral
2480,26,male,caucasian,slightlyhappy
2481,23,female,caucasian,slightlyhappy
2482,22,male,caucasian,neutral
2483,27,female,caucasian,slightlyhappy
2484,16,female,asian,slightlyhappy
2485,21,female,asian,slightlyhappy
2486,49,male,caucasian,slightlyhappy
2488,16,male,caucasian,neutral
2489,1,female,caucasian,neutral
2491,31,female,asian,slightlyhappy
2492,6,male,caucasian,neutral
2493,21,male,caucasian,neutral
2494,19,female,asian,slightlyhappy
2495,17,female,caucasian,neutral
2498,22,female,caucasian,slightlyhappy
2499,64,male,caucasian,neutral
2500,9,male,caucasian,happy
2501,24,female,caucasian,slightlyhappy
2503,29,female,asian,happy
2504,21,female,caucasian,happy
2505,24,female,caucasian,slightlyhappy
2506,40,male,caucasian,slightlyhappy
2507,30,male,caucasian,happy
2508,26,female,caucasian,neutral
2509,21,female,afroamerican,neutral
2510,31,male,caucasian,happy
2512,21,female,caucasian,slightlyhappy
2513,20,male,asian,slightlyhappy
2514,29,male,asian,slightlyhappy
2516,31,male,caucasian,neutral
2517,52,female,caucasian,slightlyhappy
2520,21,female,caucasian,slightlyhappy
2521,29,male,caucasian,neutral
2522,14,male,caucasian,slightlyhappy
2523,30,male,caucasian,slightlyhappy
2525,63,female,caucasian,neutral
2526,33,male,caucasian,slightlyhappy
2527,23,female,caucasian,slightlyhappy
2528,21,female,asian,slightlyhappy
2529,43,female,caucasian,slightlyhappy
2530,24,male,caucasian,slightlyhappy
2532,22,female,caucasian,slightlyhappy
2534,1,male,caucasian,neutral
2535,25,male,caucasian,slightlyhappy
2536,51,female,caucasian,neutral
2537,33,male,caucasian,neutral
2540,22,female,caucasian,slightlyhappy
2541,19,female,caucasian,slightlyhappy
2543,1,male,caucasian,neutral
2544,30,female,caucasian,happy
2545,41,male,caucasian,neutral
2546,40,male,caucasian,neutral
2547,41,male,caucasian,slightlyhappy
2548,47,female,caucasian,slightlyhappy
2549,27,female,caucasian,neutral
2550,40,female,caucasian,slightlyhappy
2551,24,female,caucasian,happy
2552,4,male,caucasian,slightlyhappy
2553,30,male,caucasian,neutral
2554,71,male,caucasian,slightlyhappy
2556,34,female,caucasian,slightlyhappy
2557,45,female,caucasian,slightlyhappy
2558,5,female,caucasian,neutral
2559,54,male,caucasian,neutral
2560,6,female,asian,neutral
2561,37,male,caucasian,neutral
2562,15,male,caucasian,slightlyhappy
2563,6,female,caucasian,slightlyhappy
2564,46,female,caucasian,slightlyhappy
2565,19,female,caucasian,happy
2566,34,male,caucasian,neutral
2567,36,female,caucasian,happy
2568,5,male,caucasian,neutral
2569,31,female,caucasian,happy
2570,30,female,afroamerican,happy
2571,47,female,caucasian,neutral
2572,31,male,caucasian,slightlyhappy
2573,15,female,asian,slightlyhappy
2574,30,female,caucasian,happy
2575,17,male,caucasian,neutral
2576,56,male,caucasian,neutral
2577,18,female,caucasian,neutral
2578,54,male,caucasian,neutral
2579,57,male,caucasian,neutral
2580,56,male,caucasian,neutral
2581,30,male,caucasian,neutral
2583,48,female,caucasian,slightlyhappy
2584,23,female,asian,slightlyhappy
2586,42,male,caucasian,slightlyhappy
2587,23,female,caucasian,slightlyhappy
2588,19,male,caucasian,neutral
2589,31,male,asian,slightlyhappy
2590,57,male,caucasian,neutral
2591,54,male,caucasian,neutral
2592,22,female,caucasian,neutral
2593,25,female,caucasian,slightlyhappy
2594,21,female,caucasian,slightlyhappy
2595,56,male,afroamerican,other
2598,25,female,caucasian,neutral
2599,45,male,caucasian,happy
2601,72,female,caucasian,slightlyhappy
2602,42,female,caucasian,slightlyhappy
2603,32,female,caucasian,slightlyhappy
2604,24,male,caucasian,neutral
2605,23,female,caucasian,slightlyhappy
2607,26,female,caucasian,slightlyhappy
2608,36,male,caucasian,neutral
2609,33,female,asian,slightlyhappy
2611,41,male,caucasian,happy
2612,11,female,caucasian,happy
2613,71,male,caucasian,slightlyhappy
2615,23,male,caucasian,slightlyhappy
2616,51,male,caucasian,neutral
2618,4,male,caucasian,slightlyhappy
2619,53,female,caucasian,slightlyhappy
2620,34,male,caucasian,slightlyhappy
2621,25,female,caucasian,slightlyhappy
2622,19,female,asian,slightlyhappy
2623,23,male,caucasian,slightlyhappy
2624,37,male,caucasian,slightlyhappy
2625,6,male,caucasian,slightlyhappy
2626,26,female,caucasian,slightlyhappy
2627,34,male,caucasian,slightlyhappy
2629,44,male,caucasian,neutral
2630,3,female,caucasian,slightlyhappy
2631,18,male,caucasian,neutral
2632,39,male,caucasian,slightlyhappy
2633,33,male,caucasian,slightlyhappy
2635,39,female,caucasian,slightlyhappy
2636,47,male,caucasian,slightlyhappy
2637,20,female,caucasian,slightlyhappy
2638,31,male,caucasian,neutral
2639,21,female,caucasian,slightlyhappy
2640,56,female,caucasian,slightlyhappy
2641,29,male,asian,neutral
2642,17,male,caucasian,neutral
2643,27,male,asian,slightlyhappy
2644,54,female,caucasian,slightlyhappy
2646,43,male,caucasian,neutral
2647,36,female,caucasian,neutral
2648,1,male,caucasian,neutral
2649,29,female,caucasian,neutral
2650,30,female,caucasian,neutral
2651,25,female,caucasian,neutral
2653,24,female,caucasian,neutral
2654,50,male,caucasian,neutral
2655,19,female,caucasian,slightlyhappy
2656,19,female,caucasian,neutral
2657,31,male,asian,neutral
2658,32,male,caucasian,slightlyhappy
2659,23,male,asian,slightlyhappy
2661,27,male,caucasian,neutral
2662,41,female,caucasian,slightlyhappy
2663,31,female,caucasian,slightlyhappy
2664,27,female,caucasian,slightlyhappy
2665,17,female,caucasian,slightlyhappy
2666,65,female,caucasian,slightlyhappy
2667,28,male,caucasian,neutral
2669,33,female,caucasian,slightlyhappy
2670,26,female,caucasian,slightlyhappy
2673,24,male,afroamerican,slightlyhappy
2674,22,male,caucasian,neutral
2675,30,male,asian,neutral
2677,37,male,caucasian,slightlyhappy
2678,55,male,caucasian,neutral
2679,26,female,caucasian,happy
2680,24,female,asian,slightlyhappy
2681,2,male,caucasian,neutral
2682,11,male,caucasian,neutral
2683,26,female,caucasian,slightlyhappy
2684,34,male,caucasian,happy
2685,57,male,caucasian,happy
2686,8,male,caucasian,neutral
2687,23,female,caucasian,happy
2688,15,male,asian,neutral
2689,23,male,caucasian,neutral
2690,47,female,caucasian,slightlyhappy
2691,59,female,caucasian,happy
2692,16,female,caucasian,slightlyhappy
2694,37,female,caucasian,slightlyhappy
2695,29,male,asian,happy
2696,29,female,caucasian,slightlyhappy
2697,50,female,caucasian,neutral
2698,26,female,caucasian,happy
2699,3,female,caucasian,neutral
2701,28,female,caucasian,neutral
2702,49,male,caucasian,neutral
2703,41,female,caucasian,neutral
2704,31,male,caucasian,slightlyhappy
2705,35,female,caucasian,slightlyhappy
2706,6,female,caucasian,neutral
2707,23,female,caucasian,slightlyhappy
2708,29,female,caucasian,happy
2709,59,female,caucasian,neutral
2710,25,female,caucasian,neutral
2711,37,male,caucasian,slightlyhappy
2712,21,male,asian,neutral
2713,47,male,caucasian,neutral
2716,28,female,caucasian,slightlyhappy
2718,28,female,caucasian,happy
2719,23,female,caucasian,slightlyhappy
2720,26,male,asian,neutral
2721,25,female,caucasian,slightlyhappy
2722,22,male,asian,neutral
2723,26,male,caucasian,slightlyhappy
2724,36,female,caucasian,slightlyhappy
2725,41,male,afroamerican,neutral
2726,21,male,caucasian,neutral
2727,29,male,caucasian,other
2728,60,male,asian,other
2730,36,male,caucasian,slightlyhappy
2731,39,male,caucasian,slightlyhappy
2733,24,female,caucasian,slightlyhappy
2734,24,male,caucasian,neutral
2735,29,male,asian,slightlyhappy
2736,30,male,caucasian,neutral
2737,48,male,caucasian,neutral
2738,26,female,asian,neutral
2739,30,male,asian,slightlyhappy
2740,23,male,caucasian,neutral
2741,46,female,caucasian,neutral
2742,31,male,caucasian,slightlyhappy
2743,22,female,caucasian,neutral
2744,34,female,caucasian,slightlyhappy
2745,37,female,caucasian,slightlyhappy
2748,22,male,caucasian,slightlyhappy
2749,27,female,asian,slightlyhappy
2750,19,female,caucasian,slightlyhappy
2752,47,male,caucasian,other
2753,27,female,caucasian,slightlyhappy
2755,31,male,caucasian,neutral
2756,35,male,caucasian,slightlyhappy
2757,44,male,caucasian,slightlyhappy
2758,27,female,caucasian,slightlyhappy
2759,27,female,caucasian,slightlyhappy
2760,24,male,asian,slightlyhappy
2761,16,female,caucasian,slightlyhappy
2762,59,male,asian,neutral
2763,1,male,caucasian,neutral
2764,3,female,caucasian,slightlyhappy
2765,51,male,caucasian,neutral
2766,37,female,asian,slightlyhappy
2767,30,male,caucasian,slightlyhappy
2768,54,male,caucasian,neutral
2769,21,female,caucasian,neutral
2771,40,female,caucasian,neutral
2772,36,male,caucasian,slightlyhappy
2773,24,female,asian,slightlyhappy
2774,7,male,caucasian,happy
2775,28,male,caucasian,happy
2776,43,female,caucasian,slightlyhappy
2777,55,male,caucasian,slightlyhappy
2779,19,female,caucasian,slightlyhappy
2780,46,female,caucasian,slightlyhappy
2781,42,male,caucasian,slightlyhappy
2782,31,female,caucasian,slightlyhappy
2783,42,male,caucasian,slightlyhappy
2784,39,male,caucasian,neutral
2785,27,female,caucasian,neutral
2786,21,female,caucasian,slightlyhappy
2788,1,female,caucasian,neutral
2789,27,male,caucasian,neutral
2790,56,female,caucasian,slightlyhappy
2791,26,female,afroamerican,happy
2793,15,male,caucasian,neutral
2794,50,female,caucasian,slightlyhappy
2795,21,male,caucasian,slightlyhappy
2797,23,male,caucasian,slightlyhappy
2798,59,male,caucasian,slightlyhappy
2799,24,male,asian,slightlyhappy
2803,19,female,caucasian,slightlyhappy
2804,42,male,caucasian,slightlyhappy
2805,48,female,caucasian,slightlyhappy
2806,41,female,caucasian,slightlyhappy
2807,24,male,caucasian,slightlyhappy
2808,42,male,caucasian,slightlyhappy
2809,34,male,caucasian,neutral
2810,22,female,caucasian,slightlyhappy
2811,31,male,caucasian,neutral
2812,33,female,caucasian,neutral
2816,22,female,caucasian,slightlyhappy
2817,22,female,asian,slightlyhappy
2818,33,male,caucasian,neutral
2819,52,male,caucasian,neutral
2820,28,male,caucasian,neutral
2822,46,male,caucasian,other
2823,16,female,caucasian,slightlyhappy
2825,39,female,caucasian,neutral
2826,23,male,caucasian,slightlyhappy
2827,39,male,caucasian,neutral
2828,20,female,afroamerican,neutral
2829,44,female,caucasian,slightlyhappy
2831,23,male,afroamerican,neutral
2832,36,male,caucasian,slightlyhappy
2833,33,female,caucasian,slightlyhappy
2834,38,female,caucasian,slightlyhappy
2835,21,female,caucasian,slightlyhappy
2836,30,male,asian,slightlyhappy
2838,19,female,asian,happy
2840,20,male,caucasian,neutral
2841,50,female,caucasian,slightlyhappy
2842,26,female,caucasian,slightlyhappy
2843,29,male,caucasian,happy
2844,7,male,caucasian,other
2845,18,female,caucasian,happy
2846,1,male,asian,neutral
2847,22,female,caucasian,slightlyhappy
2850,25,female,caucasian,slightlyhappy
2851,28,female,caucasian,slightlyhappy
2853,24,male,caucasian,other
2854,57,male,caucasian,other
2856,35,female,asian,slightlyhappy
2857,33,male,caucasian,other
2858,26,female,caucasian,neutral
2859,39,male,asian,slightlyhappy
2860,30,female,asian,slightlyhappy
2861,26,female,caucasian,slightlyhappy
2862,25,female,caucasian,slightlyhappy
2863,31,female,caucasian,slightlyhappy
2864,23,female,asian,slightlyhappy
2865,20,male,asian,slightlyhappy
2866,33,male,caucasian,slightlyhappy
2868,53,female,caucasian,slightlyhappy
2869,19,female,caucasian,slightlyhappy
2870,25,female,caucasian,neutral
2871,20,male,afroamerican,neutral
2872,41,male,caucasian,neutral
2873,28,female,asian,slightlyhappy
2874,29,female,caucasian,slightlyhappy
2875,61,male,asian,neutral
2878,31,male,caucasian,slightlyhappy
2879,20,female,caucasian,neutral
2880,7,male,asian,other
2881,35,female,caucasian,happy
2882,19,female,caucasian,slightlyhappy
2883,55,male,caucasian,neutral
2884,28,male,caucasian,neutral
2885,36,male,caucasian,neutral
2886,52,female,caucasian,neutral
2887,21,male,asian,happy
2889,35,female,caucasian,happy
2890,48,male,caucasian,neutral
2891,28,male,afroamerican,neutral
2892,8,male,caucasian,slightlyhappy
2893,22,male,caucasian,neutral
2894,51,male,caucasian,neutral
2895,16,male,caucasian,other
2896,39,female,asian,happy
2897,40,female,caucasian,slightlyhappy
2898,37,male,caucasian,slightlyhappy
2899,42,female,caucasian,happy
2900,38,female,caucasian,happy
2902,42,male,caucasian,happy
2903,28,male,caucasian,happy
2904,22,female,caucasian,happy
2905,29,female,caucasian,slightlyhappy
2906,25,female,caucasian,slightlyhappy
2907,2,male,caucasian,neutral
2908,39,female,caucasian,slightlyhappy
2909,51,male,caucasian,slightlyhappy
2910,19,male,caucasian,neutral
2911,24,male,caucasian,neutral
2912,35,female,afroamerican,happy
2913,33,male,caucasian,neutral
2915,36,female,caucasian,happy
2916,46,female,caucasian,happy
2917,49,female,caucasian,happy
2918,32,female,afroamerican,slightlyhappy
2919,26,female,caucasian,neutral
2920,41,female,afroamerican,happy
2922,21,female,caucasian,neutral
2923,45,male,caucasian,neutral
2924,25,female,asian,neutral
2925,25,female,caucasian,slightlyhappy
2926,36,female,caucasian,happy
2928,43,female,caucasian,neutral
2929,39,female,caucasian,happy
2930,22,female,caucasian,happy
2931,17,female,caucasian,happy
2932,18,female,asian,slightlyhappy
2933,41,male,caucasian,happy
2934,50,female,caucasian,slightlyhappy
2935,40,female,caucasian,happy
2936,32,female,caucasian,happy
2938,37,female,caucasian,slightlyhappy
2940,22,male,asian,neutral
2941,58,male,caucasian,neutral
2942,19,male,caucasian,slightlyhappy
2943,17,male,afroamerican,happy
2944,30,male,asian,neutral
2945,3,female,caucasian,other
2946,28,female,caucasian,slightlyhappy
2947,27,female,caucasian,slightlyhappy
2949,57,male,caucasian,neutral
2950,13,male,caucasian,slightlyhappy
2953,30,male,caucasian,other
2954,33,male,caucasian,happy
2955,25,female,asian,happy
2956,22,female,caucasian,happy
2957,16,female,afroamerican,happy
2958,30,female,caucasian,slightlyhappy
2959,52,female,caucasian,neutral
2960,23,female,asian,slightlyhappy
2961,31,male,caucasian,neutral
2962,63,male,caucasian,neutral
2964,20,female,caucasian,happy
2965,29,female,caucasian,neutral
2966,30,male,caucasian,neutral
2967,19,female,caucasian,slightlyhappy
2969,34,female,caucasian,happy
2971,20,female,caucasian,happy
2972,25,male,caucasian,neutral
2973,35,male,caucasian,neutral
2974,22,male,caucasian,neutral
2975,46,male,caucasian,neutral
2976,55,female,caucasian,neutral
2977,33,male,afroamerican,slightlyhappy
2978,63,female,caucasian,happy
2981,29,male,caucasian,happy
2983,35,male,caucasian,neutral
2984,42,female,caucasian,neutral
2985,23,female,caucasian,slightlyhappy
2986,28,male,caucasian,neutral
2987,51,male,caucasian,neutral
2988,27,female,caucasian,slightlyhappy
2989,66,male,caucasian,neutral
2990,23,female,asian,slightlyhappy
2991,21,female,caucasian,slightlyhappy
2992,26,male,caucasian,neutral
2993,39,female,caucasian,slightlyhappy
2994,58,male,asian,neutral
2995,20,male,caucasian,neutral
2996,40,female,caucasian,neutral
2997,28,male,caucasian,neutral
2998,35,female,caucasian,slightlyhappy
2999,21,male,asian,slightlyhappy
3000,41,male,caucasian,neutral
3001,36,male,caucasian,slightlyhappy
3002,35,female,caucasian,slightlyhappy
3003,2,male,caucasian,neutral
3004,24,female,caucasian,slightlyhappy
3005,52,female,caucasian,happy
3006,24,male,asian,slightlyhappy
3007,22,male,caucasian,neutral
3008,17,female,caucasian,slightlyhappy
3009,33,male,caucasian,neutral
3010,28,female,caucasian,slightlyhappy
3011,16,female,caucasian,slightlyhappy
3012,34,female,caucasian,neutral
3013,22,female,caucasian,slightlyhappy
3014,17,female,caucasian,other
3015,43,female,caucasian,happy
3016,25,female,caucasian,happy
3017,64,male,caucasian,neutral
3019,37,female,caucasian,slightlyhappy
3020,32,female,afroamerican,happy
3021,37,male,caucasian,slightlyhappy
3022,52,female,caucasian,slightlyhappy
3023,55,male,caucasian,other
3024,37,female,caucasian,slightlyhappy
3025,37,male,caucasian,happy
3026,30,male,asian,slightlyhappy
3027,37,male,caucasian,slightlyhappy
3028,42,female,caucasian,slightlyhappy
3029,37,female,caucasian,slightlyhappy
3030,45,female,caucasian,slightlyhappy
3032,47,male,caucasian,slightlyhappy
3033,27,male,caucasian,neutral
3034,31,male,caucasian,other
3035,22,female,caucasian,happy
3036,57,male,caucasian,neutral
3037,23,female,caucasian,slightlyhappy
3038,18,male,caucasian,neutral
3039,43,female,caucasian,neutral
3040,36,male,caucasian,neutral
3041,30,male,caucasian,slightlyhappy
3042,51,male,caucasian,happy
3043,20,female,caucasian,happy
3044,30,male,caucasian,slightlyhappy
3045,45,female,caucasian,happy
3047,26,female,caucasian,slightlyhappy
3048,32,female,caucasian,slightlyhappy
3049,33,male,asian,slightlyhappy
3050,24,male,caucasian,other
3051,24,male,caucasian,neutral
3052,22,male,caucasian,neutral
3053,1,male,caucasian,neutral
3054,37,male,caucasian,neutral
3055,17,female,caucasian,slightlyhappy
3056,25,female,caucasian,slightlyhappy
3057,25,male,caucasian,neutral
3058,39,female,caucasian,slightlyhappy
3059,52,male,caucasian,slightlyhappy
3060,37,female,caucasian,slightlyhappy
3061,32,male,caucasian,neutral
3062,20,female,caucasian,slightlyhappy
3063,0,male,caucasian,other
3064,23,female,caucasian,slightlyhappy
3065,34,male,caucasian,slightlyhappy
3066,49,male,caucasian,slightlyhappy
3068,26,male,caucasian,neutral
3069,34,male,caucasian,neutral
3070,13,male,caucasian,neutral
3071,20,female,caucasian,happy
3072,27,female,caucasian,happy
3073,37,female,caucasian,slightlyhappy
3074,31,male,caucasian,neutral
3075,22,male,caucasian,neutral
3076,39,male,caucasian,slightlyhappy
3077,19,female,caucasian,neutral
3078,33,male,caucasian,happy
3079,4,female,caucasian,neutral
3080,28,male,caucasian,slightlyhappy
3081,24,male,caucasian,slightlyhappy
3082,39,male,caucasian,slightlyhappy
3083,30,male,asian,neutral
3084,48,male,caucasian,neutral
3085,32,male,caucasian,neutral
3086,18,female,afroamerican,happy
3087,26,female,asian,slightlyhappy
3088,18,male,caucasian,neutral
3089,46,male,caucasian,slightlyhappy
3090,37,male,caucasian,neutral
3091,20,female,caucasian,neutral
3092,34,male,caucasian,neutral
3093,47,female,caucasian,slightlyhappy
3094,34,male,caucasian,slightlyhappy
3095,28,male,caucasian,slightlyhappy
3096,20,female,asian,slightlyhappy
3097,72,male,caucasian,neutral
3098,30,female,caucasian,slightlyhappy
3099,34,female,caucasian,happy
3100,27,male,caucasian,slightlyhappy
3101,2,female,caucasian,other
3102,35,male,caucasian,neutral
3103,25,female,caucasian,slightlyhappy
3104,22,female,caucasian,neutral
3105,46,male,caucasian,slightlyhappy
3106,29,female,caucasian,happy
3107,18,female,caucasian,slightlyhappy
3108,28,male,caucasian,slightlyhappy
3109,68,male,caucasian,neutral
3110,15,male,caucasian,neutral
3111,17,male,caucasian,neutral
3112,21,male,caucasian,slightlyhappy
3113,12,male,caucasian,neutral
3114,25,female,asian,slightlyhappy
3115,52,female,caucasian,neutral
3116,21,female,caucasian,happy
3117,12,male,caucasian,happy
3118,32,female,caucasian,slightlyhappy
3119,24,female,caucasian,happy
3120,23,female,caucasian,neutral
3121,28,male,caucasian,neutral
3122,37,female,asian,slightlyhappy
3123,26,female,asian,slightlyhappy
3124,16,female,caucasian,happy
3125,25,male,caucasian,happy
3126,60,female,caucasian,happy
3127,18,female,caucasian,happy
3129,16,female,caucasian,happy
3130,28,female,caucasian,happy
3131,21,male,caucasian,slightlyhappy
3132,23,female,caucasian,slightlyhappy
3133,25,male,caucasian,neutral
3135,26,male,caucasian,neutral
3136,35,female,caucasian,happy
3137,13,male,caucasian,slightlyhappy
3138,25,male,caucasian,slightlyhappy
3139,27,male,caucasian,other
3141,45,male,caucasian,neutral
3142,21,female,caucasian,slightlyhappy
3143,25,female,caucasian,happy
3144,53,male,caucasian,slightlyhappy
3145,48,female,caucasian,slightlyhappy
3146,47,female,caucasian,slightlyhappy
3147,24,female,caucasian,neutral
3148,38,male,caucasian,neutral
3149,24,female,asian,happy
3150,22,male,caucasian,slightlyhappy
3151,47,female,caucasian,happy
3152,19,female,caucasian,happy
3153,23,male,caucasian,neutral
3154,16,male,asian,neutral
3155,52,male,caucasian,slightlyhappy
3157,31,male,caucasian,other
3158,20,female,caucasian,slightlyhappy
3160,20,female,caucasian,slightlyhappy
3161,43,male,caucasian,slightlyhappy
3162,29,female,caucasian,slightlyhappy
3163,27,female,afroamerican,slightlyhappy
3164,23,male,caucasian,neutral
3165,25,female,asian,slightlyhappy
3166,32,male,caucasian,slightlyhappy
3167,34,female,caucasian,slightlyhappy
3168,17,male,caucasian,slightlyhappy
3169,55,male,caucasian,slightlyhappy
3170,2,female,caucasian,neutral
3172,28,male,caucasian,other
3173,26,male,caucasian,neutral
3174,52,male,caucasian,happy
3175,14,female,caucasian,happy
3176,36,male,caucasian,slightlyhappy
3177,22,male,caucasian,neutral
3178,38,male,caucasian,slightlyhappy
3180,37,male,caucasian,slightlyhappy
3181,39,male,caucasian,slightlyhappy
3182,37,female,caucasian,slightlyhappy
3184,59,male,caucasian,slightlyhappy
3187,21,male,caucasian,neutral
3188,21,female,caucasian,neutral
3189,35,male,caucasian,neutral
3190,30,female,asian,slightlyhappy
3191,19,female,caucasian,neutral
3192,23,male,caucasian,neutral
3193,28,female,caucasian,slightlyhappy
3194,19,female,caucasian,happy
3195,62,male,caucasian,slightlyhappy
3196,26,female,asian,slightlyhappy
3200,20,female,asian,happy
3201,21,female,caucasian,happy
3203,24,female,caucasian,happy
3204,23,male,caucasian,slightlyhappy
3205,44,male,caucasian,neutral
3207,20,female,asian,happy
3208,26,female,caucasian,happy
3209,27,female,afroamerican,neutral
3211,53,male,caucasian,neutral
3212,15,male,caucasian,neutral
3213,35,male,caucasian,slightlyhappy
3214,52,female,caucasian,happy
3215,16,male,caucasian,neutral
3216,24,female,caucasian,slightlyhappy
3217,16,female,caucasian,happy
3218,1,male,caucasian,neutral
3219,22,male,caucasian,slightlyhappy
3220,29,male,caucasian,neutral
3221,27,male,caucasian,slightlyhappy
3223,14,female,caucasian,slightlyhappy
3225,17,male,caucasian,neutral
3226,26,male,caucasian,neutral
3227,28,male,caucasian,neutral
3228,52,female,caucasian,neutral
3229,27,male,asian,neutral
3230,27,female,asian,slightlyhappy
3231,1,male,caucasian,happy
3232,25,male,caucasian,neutral
3233,53,male,caucasian,neutral
3234,27,female,asian,neutral
3238,22,male,caucasian,slightlyhappy
3240,37,male,caucasian,slightlyhappy
3242,51,female,caucasian,slightlyhappy
3243,79,female,caucasian,slightlyhappy
3244,5,female,caucasian,slightlyhappy
3245,58,male,caucasian,neutral
3247,27,female,caucasian,slightlyhappy
3248,22,female,caucasian,slightlyhappy
3250,47,male,caucasian,slightlyhappy
3251,23,female,asian,slightlyhappy
3252,25,male,caucasian,neutral
3253,23,female,caucasian,slightlyhappy
3254,33,male,caucasian,neutral
3256,26,female,caucasian,neutral
3258,60,male,caucasian,neutral
3259,29,male,caucasian,happy
3260,40,male,caucasian,happy
3261,50,female,caucasian,other
3262,23,female,caucasian,neutral
3264,41,female,caucasian,slightlyhappy
3265,37,female,caucasian,slightlyhappy
3266,34,male,caucasian,happy
3267,19,male,asian,neutral
3268,35,female,caucasian,happy
3269,35,male,caucasian,slightlyhappy
3270,35,male,caucasian,neutral
3271,23,male,caucasian,slightlyhappy
3272,16,female,caucasian,happy
3273,50,male,caucasian,neutral
3274,28,male,caucasian,slightlyhappy
3275,28,male,caucasian,slightlyhappy
3277,25,female,caucasian,slightlyhappy
3278,53,male,caucasian,slightlyhappy
3279,21,female,caucasian,slightlyhappy
3280,33,male,caucasian,neutral
3281,47,female,caucasian,slightlyhappy
3283,31,female,caucasian,happy
3284,38,male,caucasian,other
3285,26,female,caucasian,happy
3286,23,female,caucasian,slightlyhappy
3287,19,female,caucasian,slightlyhappy
3288,34,male,caucasian,neutral
3290,21,female,caucasian,slightlyhappy
3292,52,male,afroamerican,neutral
3293,26,female,asian,neutral
3294,27,male,caucasian,slightlyhappy
3295,21,female,caucasian,slightlyhappy
3297,20,female,afroamerican,neutral
3298,41,male,caucasian,neutral
3299,30,male,caucasian,happy
3300,39,male,caucasian,slightlyhappy
3301,31,female,caucasian,happy
3302,28,female,caucasian,neutral
3303,24,female,caucasian,slightlyhappy
3305,47,male,caucasian,happy
3306,29,female,caucasian,slightlyhappy
3307,20,female,asian,happy
3308,28,female,caucasian,happy
3309,25,male,caucasian,happy
3310,49,male,caucasian,other
3311,28,male,caucasian,slightlyhappy
3312,25,male,caucasian,neutral
3314,37,male,caucasian,neutral
3315,30,male,asian,slightlyhappy
3316,45,male,caucasian,happy
3317,19,female,caucasian,happy
3319,37,male,asian,slightlyhappy
3320,60,female,caucasian,happy
3322,39,male,caucasian,neutral
3323,35,male,caucasian,neutral
3324,32,female,caucasian,slightlyhappy
3325,23,female,caucasian,neutral
3326,45,female,caucasian,neutral
3327,21,female,caucasian,other
3328,40,female,asian,slightlyhappy
3329,32,male,caucasian,slightlyhappy
3330,15,male,asian,neutral
3331,27,female,caucasian,slightlyhappy
3334,28,male,caucasian,neutral
3335,20,female,caucasian,happy
3336,21,female,caucasian,happy
3337,29,female,caucasian,slightlyhappy
3338,20,female,caucasian,slightlyhappy
3339,24,female,caucasian,happy
3340,17,male,caucasian,happy
3341,18,male,caucasian,happy
3342,24,female,caucasian,slightlyhappy
3343,45,female,caucasian,happy
3344,43,female,caucasian,happy
3345,29,female,asian,slightlyhappy
3346,35,female,caucasian,slightlyhappy
3347,24,female,caucasian,happy
3348,37,male,caucasian,slightlyhappy
3349,38,male,caucasian,happy
3350,56,male,caucasian,slightlyhappy
3351,45,female,caucasian,neutral
3354,29,male,caucasian,neutral
3355,34,male,caucasian,happy
3356,24,female,caucasian,happy
3358,26,male,caucasian,neutral
3362,46,female,asian,neutral
3363,46,male,caucasian,slightlyhappy
3364,21,female,caucasian,neutral
3365,2,male,caucasian,neutral
3366,21,female,asian,neutral
3367,37,male,caucasian,slightlyhappy
3368,56,male,caucasian,slightlyhappy
3369,30,male,caucasian,other
3370,39,male,caucasian,neutral
3371,25,female,caucasian,slightlyhappy
3372,17,female,afroamerican,neutral
3373,19,male,asian,slightlyhappy
3374,25,female,asian,slightlyhappy
3375,24,male,caucasian,neutral
3376,19,female,caucasian,slightlyhappy
3378,38,male,caucasian,slightlyhappy
3379,30,female,caucasian,happy
3380,33,male,caucasian,slightlyhappy
3381,29,female,caucasian,slightlyhappy
3382,34,female,asian,slightlyhappy
3383,27,female,caucasian,slightlyhappy
3384,51,male,caucasian,neutral
3385,22,female,asian,happy
3386,35,female,caucasian,slightlyhappy
3387,16,male,asian,slightlyhappy
3388,18,female,caucasian,neutral
3389,39,male,caucasian,neutral
3390,57,male,caucasian,happy
3391,23,male,caucasian,neutral
3392,37,male,caucasian,slightlyhappy
3393,60,male,caucasian,slightlyhappy
3394,7,male,caucasian,neutral
3395,29,female,asian,slightlyhappy
3397,22,male,caucasian,slightlyhappy
3398,4,female,caucasian,slightlyhappy
3399,46,male,caucasian,happy
3400,19,female,caucasian,slightlyhappy
3402,33,male,caucasian,other
3403,27,male,caucasian,neutral
3404,35,female,caucasian,happy
3405,13,male,caucasian,slightlyhappy
3406,1,male,caucasian,other
3407,40,female,caucasian,other
3408,49,male,caucasian,happy
3409,35,male,caucasian,neutral
3410,26,male,caucasian,slightlyhappy
3411,37,male,caucasian,happy
3412,30,male,caucasian,neutral
3413,19,male,asian,neutral
3414,23,female,caucasian,happy
3415,22,male,caucasian,slightlyhappy
3416,29,male,asian,happy
3417,29,male,caucasian,neutral
3419,40,male,caucasian,neutral
3420,26,male,caucasian,neutral
3421,35,male,caucasian,neutral
3423,23,female,asian,happy
3424,29,male,caucasian,slightlyhappy
3425,23,female,caucasian,happy
3426,37,male,caucasian,happy
3428,25,male,caucasian,slightlyhappy
3430,17,female,caucasian,happy
3434,32,male,caucasian,neutral
3435,49,female,caucasian,slightlyhappy
3436,45,male,asian,neutral
3437,37,female,caucasian,other
3438,18,male,caucasian,neutral
3439,19,male,caucasian,happy
3440,27,male,asian,slightlyhappy
3441,24,female,caucasian,slightlyhappy
3442,27,male,afroamerican,slightlyhappy
3443,30,female,caucasian,slightlyhappy
3444,73,female,caucasian,other
3445,30,female,caucasian,happy
3446,35,male,caucasian,neutral
3447,61,male,caucasian,happy
3448,51,female,caucasian,neutral
3449,29,female,caucasian,happy
3450,52,female,caucasian,slightlyhappy
3451,33,male,caucasian,slightlyhappy
3452,16,female,caucasian,slightlyhappy
3453,50,male,asian,slightlyhappy
3454,24,male,caucasian,slightlyhappy
3455,19,female,asian,happy
3457,32,female,caucasian,happy
3458,33,female,caucasian,happy
3459,16,female,caucasian,slightlyhappy
3460,25,female,caucasian,slightlyhappy
3461,64,male,caucasian,happy
3462,58,male,caucasian,slightlyhappy
3464,25,female,caucasian,happy
3465,31,male,caucasian,happy
3466,39,male,caucasian,happy
3468,35,male,caucasian,happy
3469,20,male,caucasian,happy
3470,31,male,caucasian,happy
3471,26,female,caucasian,other
3472,49,male,caucasian,neutral
3473,34,male,caucasian,happy
3474,34,male,asian,slightlyhappy
3475,42,female,caucasian,slightlyhappy
3476,37,male,caucasian,other
3477,26,female,caucasian,happy
3479,29,male,caucasian,neutral
3480,20,female,caucasian,slightlyhappy
3483,29,female,caucasian,happy
3485,44,male,caucasian,happy
3486,23,female,caucasian,happy
3488,14,female,caucasian,happy
3489,55,male,caucasian,happy
3490,25,female,caucasian,happy
3491,24,female,asian,slightlyhappy
3492,60,male,caucasian,neutral
3493,39,male,caucasian,slightlyhappy
3494,18,male,caucasian,neutral
3496,26,male,caucasian,slightlyhappy
3497,25,male,caucasian,neutral
3498,28,male,caucasian,slightlyhappy
3499,31,female,caucasian,slightlyhappy
3500,30,female,asian,slightlyhappy
3501,23,male,caucasian,slightlyhappy
3503,27,female,caucasian,happy
3504,22,female,caucasian,slightlyhappy
3505,32,female,caucasian,happy
3506,24,female,caucasian,slightlyhappy
3507,23,female,caucasian,slightlyhappy
3508,31,female,caucasian,happy
3509,23,female,afroamerican,slightlyhappy
3510,51,female,caucasian,slightlyhappy
3511,37,female,caucasian,happy
3512,56,male,caucasian,slightlyhappy
3513,16,female,caucasian,neutral
3514,47,female,caucasian,happy
3515,22,female,caucasian,happy
3516,41,female,caucasian,slightlyhappy
3517,22,male,caucasian,neutral
3520,30,male,asian,neutral
3521,57,male,caucasian,slightlyhappy
3522,34,female,caucasian,slightlyhappy
3523,41,female,asian,slightlyhappy
3524,14,female,caucasian,neutral
3525,26,female,caucasian,slightlyhappy
3526,56,female,caucasian,neutral
3527,19,male,caucasian,slightlyhappy
3529,48,male,caucasian,neutral
3530,25,female,caucasian,slightlyhappy
3531,25,female,caucasian,neutral
3532,8,male,caucasian,neutral
3533,38,male,caucasian,slightlyhappy
3534,20,female,caucasian,neutral
3535,35,female,caucasian,slightlyhappy
3536,31,female,caucasian,happy
3537,36,female,asian,happy
3539,23,female,caucasian,slightlyhappy
3540,31,male,asian,neutral
3541,20,female,caucasian,slightlyhappy
3542,26,female,caucasian,happy
3543,32,male,caucasian,happy
3544,42,female,caucasian,slightlyhappy
3545,57,male,caucasian,neutral
3546,5,female,caucasian,happy
3548,29,female,caucasian,neutral
3549,17,female,caucasian,happy
3550,26,male,caucasian,slightlyhappy
3551,12,male,caucasian,neutral
3553,25,male,caucasian,neutral
3554,29,male,caucasian,slightlyhappy
3555,34,female,caucasian,happy
3558,29,female,caucasian,happy
3559,62,male,caucasian,happy
3560,18,male,caucasian,slightlyhappy
3561,21,female,caucasian,slightlyhappy
3562,42,male,caucasian,neutral
3563,43,male,caucasian,neutral
3564,23,female,caucasian,slightlyhappy
3565,50,male,caucasian,slightlyhappy
3566,5,female,caucasian,slightlyhappy
3568,51,male,caucasian,slightlyhappy
3569,36,female,caucasian,slightlyhappy
3570,26,male,caucasian,slightlyhappy
3571,68,male,caucasian,neutral
3572,21,female,caucasian,neutral
3573,36,female,caucasian,neutral
3575,15,female,caucasian,neutral
3576,24,female,caucasian,happy
3577,36,male,caucasian,slightlyhappy
3578,37,male,asian,slightlyhappy
3579,29,male,caucasian,neutral
3580,45,male,caucasian,neutral
3581,29,male,caucasian,neutral
3582,24,female,caucasian,slightlyhappy
3583,52,male,caucasian,slightlyhappy
3585,30,female,caucasian,neutral
3586,29,female,caucasian,slightlyhappy
3587,39,male,asian,neutral
3588,24,female,caucasian,slightlyhappy
3590,16,female,caucasian,happy
3591,20,female,afroamerican,happy
3592,32,female,asian,slightlyhappy
3593,24,female,asian,happy
3594,40,male,caucasian,slightlyhappy
3595,30,male,caucasian,slightlyhappy
3597,22,male,caucasian,neutral
3598,48,female,asian,slightlyhappy
3599,24,female,caucasian,happy
3600,13,male,caucasian,neutral
3601,41,male,caucasian,slightlyhappy
3602,34,female,caucasian,neutral
3603,10,female,caucasian,happy
3604,22,male,caucasian,other
3605,35,male,asian,neutral
3607,48,male,caucasian,happy
3608,29,male,afroamerican,neutral
3609,36,female,caucasian,neutral
3610,22,female,caucasian,neutral
3611,35,male,caucasian,happy
3612,59,male,caucasian,happy
3613,34,male,caucasian,happy
3614,21,female,caucasian,happy
3615,28,female,caucasian,happy
3617,50,male,caucasian,other
3619,25,female,caucasian,slightlyhappy
3620,1,female,asian,other
3621,38,male,caucasian,other
3622,34,female,asian,happy
3623,67,male,caucasian,neutral
3624,55,male,caucasian,neutral
3625,23,female,afroamerican,happy
3626,36,male,caucasian,happy
3629,30,female,caucasian,neutral
3630,53,male,caucasian,happy
3631,37,male,caucasian,neutral
3632,35,female,caucasian,slightlyhappy
3633,39,male,caucasian,slightlyhappy
3634,28,female,caucasian,happy
3636,31,female,caucasian,neutral
3637,20,female,caucasian,neutral
3638,26,female,caucasian,slightlyhappy
3639,22,female,caucasian,happy
3640,29,male,caucasian,happy
3641,25,male,asian,neutral
3642,43,male,caucasian,slightlyhappy
3643,23,female,caucasian,neutral
3644,52,female,caucasian,neutral
3646,22,female,caucasian,slightlyhappy
3648,19,male,caucasian,slightlyhappy
3649,62,male,asian,slightlyhappy
3650,30,male,caucasian,happy
3651,39,female,caucasian,happy
3652,15,male,caucasian,neutral
3653,26,male,caucasian,slightlyhappy
3654,19,male,caucasian,slightlyhappy
3656,30,female,caucasian,happy
3657,26,male,caucasian,neutral
3658,23,female,asian,happy
3659,28,female,caucasian,happy
3660,21,female,caucasian,happy
3661,42,female,caucasian,happy
3662,24,female,caucasian,happy
3663,30,female,caucasian,slightlyhappy
3664,68,male,caucasian,neutral
3665,41,female,caucasian,happy
3666,23,female,caucasian,happy
3668,61,female,caucasian,neutral
3670,23,female,caucasian,happy
3671,32,male,caucasian,happy
3672,39,male,caucasian,neutral
3673,31,male,caucasian,neutral
3674,18,female,caucasian,slightlyhappy
3677,15,female,caucasian,happy
3678,19,male,asian,slightlyhappy
3680,27,male,caucasian,slightlyhappy
3681,30,female,caucasian,happy
3682,31,male,caucasian,slightlyhappy
3683,26,female,caucasian,happy
3684,55,male,caucasian,slightlyhappy
3685,26,female,caucasian,happy
3686,31,female,caucasian,happy
3687,25,male,caucasian,happy
3689,40,female,caucasian,happy
3690,25,female,caucasian,happy
3691,25,male,caucasian,happy
3692,22,male,caucasian,neutral
3693,32,male,caucasian,happy
3694,38,male,caucasian,happy
3695,37,female,caucasian,happy
3696,20,female,caucasian,happy
3697,33,female,caucasian,neutral
3698,41,male,asian,neutral
3699,29,female,caucasian,happy
3700,14,female,asian,happy
3701,22,male,caucasian,happy
3702,40,female,caucasian,happy
3703,26,female,asian,happy
3704,60,male,caucasian,neutral
3705,24,male,asian,happy
3706,30,male,caucasian,slightlyhappy
3708,32,male,caucasian,neutral
3709,24,female,caucasian,slightlyhappy
3710,20,female,caucasian,happy
3711,31,female,caucasian,happy
3712,8,male,caucasian,slightlyhappy
3713,13,female,caucasian,slightlyhappy
3714,29,female,caucasian,slightlyhappy
3718,25,female,caucasian,happy
3719,27,female,caucasian,neutral
3720,34,female,caucasian,happy
3721,28,male,caucasian,slightlyhappy
3722,21,female,caucasian,slightlyhappy
3723,27,female,caucasian,happy
3724,25,male,caucasian,happy
3725,29,female,caucasian,happy
3726,25,female,caucasian,neutral
3728,29,female,caucasian,happy
3729,17,female,caucasian,neutral
3731,25,female,caucasian,happy
3732,16,male,caucasian,slightlyhappy
3733,2,female,caucasian,neutral
3734,28,male,caucasian,neutral
3736,16,female,caucasian,slightlyhappy
3737,34,male,caucasian,happy
3738,29,female,caucasian,happy
3739,32,male,caucasian,happy
3741,26,male,caucasian,neutral
3742,20,female,caucasian,neutral
3744,25,female,caucasian,slightlyhappy
3745,27,male,caucasian,happy
3746,21,female,asian,happy
3747,15,male,caucasian,happy
3749,41,male,caucasian,happy
3750,48,male,caucasian,neutral
3751,29,female,caucasian,happy
3752,16,male,caucasian,happy
3753,17,male,caucasian,neutral
3754,47,male,caucasian,slightlyhappy
3755,44,male,caucasian,neutral
3756,20,female,caucasian,happy
3757,27,female,caucasian,neutral
3758,26,female,caucasian,happy
3759,42,female,caucasian,happy
3760,24,female,caucasian,neutral
3761,34,male,caucasian,other
3763,37,male,asian,happy
3764,6,male,caucasian,happy
3765,43,female,caucasian,happy
3766,28,male,caucasian,happy
3767,44,female,caucasian,happy
3769,24,female,caucasian,slightlyhappy
3770,34,male,caucasian,slightlyhappy
3771,1,female,caucasian,slightlyhappy
3772,30,male,caucasian,neutral
3773,6,male,caucasian,slightlyhappy
3774,23,male,caucasian,neutral
3775,19,female,caucasian,neutral
3776,25,female,caucasian,slightlyhappy
3777,36,male,caucasian,happy
3778,54,male,caucasian,happy
3779,35,female,caucasian,slightlyhappy
3780,21,male,caucasian,slightlyhappy
3781,37,male,caucasian,neutral
3782,2,male,caucasian,neutral
3784,44,male,caucasian,neutral
3785,46,male,caucasian,neutral
3786,38,male,caucasian,slightlyhappy
3787,45,female,afroamerican,neutral
3788,25,female,caucasian,happy
3789,19,female,caucasian,happy
3790,21,male,caucasian,neutral
3791,32,female,caucasian,happy
3792,1,male,caucasian,neutral
3793,36,male,caucasian,slightlyhappy
3794,32,male,caucasian,other
3796,24,female,caucasian,slightlyhappy
3797,51,female,caucasian,slightlyhappy
3798,19,female,caucasian,slightlyhappy
3799,3,male,caucasian,neutral
3800,27,male,caucasian,happy
3801,22,female,caucasian,neutral
3802,24,male,asian,neutral
3803,29,female,caucasian,happy
3804,28,female,caucasian,neutral
3805,20,male,caucasian,neutral
3806,21,female,caucasian,slightlyhappy
3807,29,female,caucasian,slightlyhappy
3808,16,female,caucasian,slightlyhappy
3810,24,female,caucasian,neutral
3811,19,male,caucasian,happy
3812,35,male,caucasian,happy
3813,34,female,caucasian,slightlyhappy
3814,19,female,caucasian,happy
3815,33,male,caucasian,other
3817,28,female,caucasian,happy
3818,66,male,caucasian,other
3819,13,male,caucasian,neutral
3820,62,male,caucasian,happy
3822,44,male,caucasian,slightlyhappy
3823,29,female,caucasian,happy
3824,43,male,caucasian,neutral
3825,42,female,caucasian,happy
3826,33,female,caucasian,neutral
3827,20,female,caucasian,happy
3828,31,female,caucasian,happy
3829,23,male,asian,neutral
3830,24,male,caucasian,neutral
3831,20,male,caucasian,neutral
3832,46,female,caucasian,happy
3834,32,male,caucasian,slightlyhappy
3835,36,female,caucasian,slightlyhappy
3836,1,male,caucasian,slightlyhappy
3837,33,male,asian,neutral
3838,26,female,caucasian,neutral
3839,50,male,caucasian,slightlyhappy
3840,37,male,caucasian,neutral
3841,39,female,caucasian,slightlyhappy
3842,51,female,caucasian,slightlyhappy
3845,25,female,asian,happy
3846,30,female,caucasian,happy
3847,24,female,caucasian,happy
3848,28,female,asian,happy
3849,13,female,caucasian,happy
3850,19,male,caucasian,slightlyhappy
3851,21,male,caucasian,neutral
3852,50,female,caucasian,happy
3853,15,male,caucasian,neutral
3854,41,male,caucasian,neutral
3855,50,male,caucasian,neutral
3856,21,male,caucasian,neutral
3857,27,male,afroamerican,happy
3858,54,female,caucasian,happy
3859,18,male,caucasian,happy
3860,31,male,caucasian,happy
3862,10,female,caucasian,happy
3863,28,male,caucasian,neutral
3864,26,female,caucasian,happy
3865,20,male,caucasian,slightlyhappy
3866,58,male,caucasian,neutral
3867,21,male,caucasian,neutral
3868,27,male,caucasian,neutral
3869,55,male,caucasian,neutral
3870,21,female,caucasian,happy
3872,22,female,caucasian,happy
3873,25,male,caucasian,slightlyhappy
3874,21,male,asian,neutral
3875,50,male,caucasian,slightlyhappy
3876,34,male,caucasian,slightlyhappy
3877,28,female,asian,slightlyhappy
3878,30,male,caucasian,happy
3879,38,female,caucasian,happy
3880,28,male,asian,neutral
3881,1,male,caucasian,slightlyhappy
3882,19,female,caucasian,slightlyhappy
3883,29,female,caucasian,slightlyhappy
3884,19,female,caucasian,slightlyhappy
3885,32,male,caucasian,slightlyhappy
3886,29,female,caucasian,slightlyhappy
3887,32,male,caucasian,happy
3888,30,female,caucasian,happy
3889,36,male,asian,neutral
3890,21,male,caucasian,happy
3892,3,female,caucasian,happy
3893,16,female,caucasian,happy
3894,34,male,caucasian,slightlyhappy
3896,20,female,caucasian,slightlyhappy
3897,45,female,caucasian,slightlyhappy
3898,49,male,caucasian,neutral
3899,51,female,caucasian,neutral
3900,37,male,caucasian,slightlyhappy
3901,55,female,caucasian,neutral
3902,29,female,caucasian,slightlyhappy
3903,38,male,caucasian,happy
3904,14,male,asian,neutral
3905,24,male,caucasian,neutral
3906,50,female,caucasian,slightlyhappy
3907,27,male,caucasian,other
3908,38,male,caucasian,happy
3909,16,male,caucasian,slightlyhappy
3910,33,male,caucasian,neutral
3911,29,female,caucasian,happy
3912,28,male,caucasian,other
3913,20,female,caucasian,happy
3914,31,female,caucasian,happy
3916,45,female,caucasian,neutral
3917,22,male,caucasian,happy
3918,30,male,afroamerican,neutral
3920,23,female,caucasian,slightlyhappy
3921,18,female,caucasian,slightlyhappy
3922,44,male,caucasian,happy
3923,44,male,caucasian,happy
3924,20,female,caucasian,happy
3928,40,female,caucasian,happy
3929,53,female,caucasian,happy
3930,24,female,asian,happy
3931,46,male,caucasian,happy
3932,30,female,caucasian,slightlyhappy
3933,24,male,caucasian,slightlyhappy
3935,57,male,asian,neutral
3936,19,female,asian,happy
3937,35,male,caucasian,slightlyhappy
3940,39,male,caucasian,slightlyhappy
3941,26,female,caucasian,happy
3942,20,male,caucasian,slightlyhappy
3943,49,female,caucasian,slightlyhappy
3944,59,male,caucasian,slightlyhappy
3945,20,female,caucasian,happy
3946,41,male,caucasian,neutral
3947,25,female,caucasian,slightlyhappy
3948,52,male,caucasian,slightlyhappy
3949,32,female,caucasian,happy
3950,19,male,caucasian,slightlyhappy
3951,62,male,caucasian,neutral
3952,30,female,caucasian,slightlyhappy
3953,20,male,caucasian,neutral
3954,25,female,asian,happy
3955,21,male,asian,neutral
3956,8,female,caucasian,happy
3957,18,female,caucasian,happy
3958,22,female,asian,happy
3959,24,male,caucasian,happy
3960,21,male,caucasian,slightlyhappy
3961,30,male,caucasian,neutral
3962,26,male,asian,happy
3963,24,female,caucasian,slightlyhappy
3964,37,female,asian,slightlyhappy
3965,26,female,caucasian,slightlyhappy
3967,27,female,caucasian,slightlyhappy
3968,53,male,caucasian,slightlyhappy
3969,27,female,asian,slightlyhappy
3970,29,female,caucasian,slightlyhappy
3971,29,male,caucasian,slightlyhappy
3972,38,male,caucasian,neutral
3973,69,male,caucasian,slightlyhappy
3974,34,female,caucasian,happy
3975,27,female,caucasian,happy
3976,25,male,caucasian,happy
3977,36,male,caucasian,slightlyhappy
3979,59,male,caucasian,neutral
3980,37,female,caucasian,slightlyhappy
3981,21,female,afroamerican,slightlyhappy
3982,54,male,caucasian,slightlyhappy
3984,35,female,caucasian,slightlyhappy
3985,25,male,caucasian,neutral
3986,28,female,afroamerican,slightlyhappy
3987,30,male,caucasian,neutral
3988,28,male,caucasian,happy
3989,23,female,caucasian,slightlyhappy
3990,23,female,asian,happy
3991,41,female,caucasian,happy
3993,40,male,caucasian,slightlyhappy
3994,30,male,afroamerican,other
3995,28,female,caucasian,happy
3996,24,male,caucasian,neutral
3997,33,male,caucasian,happy
3998,17,male,caucasian,slightlyhappy
3999,27,male,caucasian,happy
4000,25,female,caucasian,slightlyhappy
4001,23,female,asian,slightlyhappy
4002,17,female,caucasian,slightlyhappy
4003,54,male,caucasian,happy
4004,17,male,caucasian,neutral
4005,24,female,caucasian,happy
4006,52,male,caucasian,happy
4007,56,male,caucasian,neutral
4008,30,male,afroamerican,other
4009,50,male,caucasian,neutral
4010,20,male,caucasian,neutral
4011,20,female,asian,happy
4012,36,male,caucasian,neutral
4013,23,female,caucasian,slightlyhappy
4014,24,female,afroamerican,slightlyhappy
4015,27,female,caucasian,neutral
4016,42,male,caucasian,slightlyhappy
4017,21,female,caucasian,slightlyhappy
4018,56,male,caucasian,happy
4019,19,female,caucasian,happy
4020,24,female,caucasian,happy
4021,26,male,caucasian,slightlyhappy
4022,28,female,caucasian,happy
4023,18,male,caucasian,slightlyhappy
4024,22,female,caucasian,slightlyhappy
4025,30,female,caucasian,slightlyhappy
4026,25,female,caucasian,slightlyhappy
4027,24,male,asian,neutral
4028,17,male,caucasian,slightlyhappy
4029,23,male,asian,slightlyhappy
4031,37,male,caucasian,neutral
4034,40,male,caucasian,neutral
4036,29,female,caucasian,neutral
4037,37,male,caucasian,happy
4038,23,male,asian,neutral
4039,24,female,caucasian,happy
4040,26,male,caucasian,neutral
4041,12,male,caucasian,neutral
4042,21,female,caucasian,neutral
4043,34,male,caucasian,slightlyhappy
4044,57,female,caucasian,slightlyhappy
4045,26,male,caucasian,happy
4046,61,male,caucasian,neutral
4048,19,female,caucasian,happy
4049,4,female,asian,happy
4051,22,male,caucasian,slightlyhappy
4052,30,female,caucasian,slightlyhappy
4053,41,male,caucasian,other
4056,55,male,caucasian,slightlyhappy
4057,10,male,afroamerican,other
4058,31,male,asian,neutral
4059,37,female,caucasian,happy
4060,31,male,caucasian,neutral
4061,39,male,caucasian,happy
4062,55,male,caucasian,happy
4063,36,male,caucasian,neutral
4064,26,male,caucasian,neutral
4065,19,female,caucasian,happy
